-30.706048440043354
9.426709510920528
-0.340415525369236
0.000000000000000
0.000000000000000
0.000000000000000
30.706048459602826
0.000000000000000
30.706048442928065
30.706048409672935
0.000000000000000
0.000000000000000
2.439647187623494
2.439647187623494
4.236582580797476
-22.212094602206584
11.641144330560678
-30.706048243854976
-30.706048296881072
-30.706048379277050
0.298476104337134
13.771680180746605
-2.418305135487197
0.283497961797113
0.000000000000000
0.000000000000000
0.000000000000000
-7.414159148090210
0.000000000000000
13.771680180957784
13.771680180955846
0.000000000000000
0.000000000000000
0.016901437288707
0.016901437288707
0.213198925392770
-12.173769891107481
13.771680180569653
13.771680180717519
13.771680180935371
13.771680180935880
0.004542534616619
-57.263593227616646
1.304001333040878
11.936328939466790
0.000000000000000
0.000000000000000
0.000000000000000
-0.163683983892639
0.000000000000000
-57.263593222000445
-57.263593223713443
0.000000000000000
0.000000000000000
3.032984127422909
3.032984127422909
-16.673077366944263
57.263593252102602
57.263593238251929
57.263593211971134
-39.460473223608766
-57.263593189092681
0.293114482407335
-1.952694197032101
0.389653319033496
0.000058551751655
0.000000000000000
0.000000000000000
0.000000000000000
1.952694196991045
0.000000000000000
1.139159522035704
-1.952694196873972
0.000000000000000
0.000000000000000
0.043158935170475
0.043158935170475
0.114005431832039
0.451606195624638
-1.952694196997569
-1.952694196982490
-1.952694196976146
-1.952694196976070
-0.022336146631147
-12.086099695582268
7.704009617756361
-1.708061237089974
0.000000000000000
0.000000000000000
0.000000000000000
7.503801202492323
0.000000000000000
-12.086099700429118
-12.086099699501389
0.000000000000000
0.000000000000000
-0.039628673677619
-0.039628673677619
-0.921819386236970
12.086099697258252
6.308362488452935
-12.086099685886063
-12.086099696889718
-12.086099697943039
-0.010257106815514
6.682312526641660
-1.610283983251152
-0.087104029129933
0.000000000000000
0.000000000000000
0.000000000000000
-6.682312526677237
0.000000000000000
-6.682312526587872
-6.682312526627099
0.000000000000000
0.000000000000000
-0.190857180352250
-0.190857180352250
-0.749676463296466
6.682312526170894
-0.175890961192641
6.682312500991883
2.623522184788550
-6.682312525848062
-0.029232685156470
5.560512388435766
1.145521739519617
-1.382612292568364
0.000000000000000
0.000000000000000
0.000000000000000
-4.431215540040101
0.000000000000000
5.560512385103415
5.560512385056388
0.000000000000000
0.000000000000000
-0.266502098985060
-0.266502098985060
1.326965608113194
-5.560512388282000
-5.560512380982974
-3.070920037948998
5.560512381463877
5.560512384497678
-0.030797829093813
-1.932208705303710
1.478388430262520
-0.704086779247472
0.000000000000000
0.000000000000000
0.000000000000000
1.915066572999025
0.000000000000000
-1.932208705877485
-1.932208705629140
0.000000000000000
0.000000000000000
0.019228120084192
0.019228120084192
-0.637556623871448
1.932208705469148
1.932208703522966
-1.054375701541659
-1.932208704723451
-1.932208705154921
-0.012324836658343
