-27.541819263741367
13.549446678357874
-3.174482843634797
0.000000000000000
0.000000000000000
0.000000000000000
27.541819280910669
0.000000000000000
27.541819280731708
27.541819280329932
0.000000000000000
0.000000000000000
1.908275102927722
1.908275102927722
6.717734628561970
-27.541819279728617
-27.541819275974799
-27.541819270640769
-7.311949107091193
27.541819274528216
0.237357224640861
7.946076807376034
-5.448065080380998
2.780539952481459
0.000000000000000
0.000000000000000
0.000000000000000
-0.743978447885149
0.000000000000000
7.946076807835694
7.946076807191315
0.000000000000000
0.000000000000000
0.479073480371415
0.479073480371415
-2.340870517866565
7.946076807091607
7.946076807033991
7.946076807219246
7.946076807386998
7.946076807255413
0.057668615004340
-1.826485839506527
3.593929993321957
3.463132211744414
0.000000000000000
0.000000000000000
0.000000000000000
-25.468951617166780
0.000000000000000
-25.468951616876204
-25.468951616115994
0.000000000000000
0.000000000000000
1.253667573309767
1.253667573309767
-7.885338442290766
25.468951616067212
25.468951609099694
25.468951576216838
-25.468951564249782
-25.468951597981945
0.092626336926300
-1.403374224867813
0.658355255765545
-0.225441282207527
0.000000000000000
0.000000000000000
0.000000000000000
1.403374225418016
0.000000000000000
1.403374218238716
-1.294709245777533
0.000000000000000
0.000000000000000
0.001222649064977
0.001222649064977
0.347844690322176
-1.403374224378809
-1.403374224947285
-1.403374224570652
-1.403374223989799
-1.403374223582409
-0.027127942278748
7.722317843186397
7.722317845523586
-4.277422459113528
0.000000000000000
0.000000000000000
0.000000000000000
2.402331171308868
0.000000000000000
-7.722317845166877
-7.722317845181227
0.000000000000000
0.000000000000000
-0.606080799213758
-0.606080799213758
2.051172501108763
-0.059751800881628
-7.722317844922379
-7.722317845247859
-7.722317845267868
-7.722317845134709
-0.071847445872200
5.797961149577722
-1.897081474764811
0.196310361151506
0.000000000000000
0.000000000000000
0.000000000000000
-6.484926998435254
0.000000000000000
-6.484926996433900
-6.484926995224813
0.000000000000000
0.000000000000000
-0.137053352143435
-0.137053352143435
-1.023624940498941
6.484926993433589
6.484926964955718
6.484926900753370
-6.484926879419788
-6.484926976995911
-0.023233501505197
0.000000000000000
0.000000000000000
0.000000000000000
0.000000000000000
0.000000000000000
0.000000000000000
0.000000000000000
0.000000000000000
0.000000000000000
0.000000000000000
0.000000000000000
0.000000000000000
0.000000000000000
0.000000000000000
0.000000000000000
0.000000000000000
0.000000000000000
0.000000000000000
0.000000000000000
0.000000000000000
0.000000000000000
1.294757682052340
1.294757682242974
-1.015391378061863
0.000000000000000
0.000000000000000
0.000000000000000
1.294757682227707
0.000000000000000
-1.213172678849351
-1.294757681864567
0.000000000000000
0.000000000000000
-0.054433188291916
-0.054433188291916
-0.269819785921550
1.294757681955487
-1.260062378623249
-1.294757681438923
-1.294757682054171
-1.294757682070370
-0.020231638871865
