3.523914869329015
3.523914872378282
3.523914873509185
0.000000000000000
0.000000000000000
0.000000000000000
-2.986923307837872
0.000000000000000
-1.036331498319671
3.523914874613936
0.000000000000000
0.000000000000000
3.523914874504289
3.523914874504289
-2.357449293728897
-2.900582625506675
3.523914876057075
-2.654368601195780
-3.523914867840842
3.229061852280453
-0.218249017414219
4.291400272697330
4.291400273047721
4.291400273101726
0.000000000000000
0.000000000000000
0.000000000000000
0.317635806450618
0.000000000000000
-0.819051322224229
4.291400273847525
0.000000000000000
0.000000000000000
4.291400272456000
4.291400272456000
4.098171922051328
-3.832361577765705
2.918778353780624
-3.843567733254818
4.291400273329352
4.291400273516295
0.052835197295339
29.190767377160675
29.190767448075601
29.190767478940995
0.000000000000000
0.000000000000000
0.000000000000000
-6.210886829450380
0.000000000000000
-29.190767515033357
17.050812571534657
0.000000000000000
0.000000000000000
16.985642994662062
16.985642994662062
-29.190767511432195
3.185435924428463
1.643279275661290
-29.190767523823936
21.954670393715716
29.190767349472353
-1.229558738956824
-0.313403298999123
-0.313403299154634
-0.313403298991627
0.000000000000000
0.000000000000000
0.000000000000000
-0.140399342718757
0.000000000000000
0.053361939238345
-0.313403299993502
0.000000000000000
0.000000000000000
-0.313403298319028
-0.313403298319028
-0.298367521021651
0.036205991307893
-0.075195049010748
0.041350134245020
-0.313403300058747
-0.313403299827157
-0.046622043732140
-0.610430839750298
-0.610430840347951
-0.610430841191401
0.000000000000000
0.000000000000000
0.000000000000000
-0.610430842034765
0.000000000000000
-0.080847803160518
0.241352533992641
0.000000000000000
0.000000000000000
-0.610430841544855
-0.610430841544855
0.573931408465661
-0.353110864115105
-0.610430841387502
-0.242957150803512
0.447861255393077
-0.610430840208683
-0.092049369385781
-1.131253454144602
-1.131253454520892
-1.131253454828408
0.000000000000000
0.000000000000000
0.000000000000000
0.545395534831069
0.000000000000000
0.291622198996679
-1.131253454890931
0.000000000000000
0.000000000000000
-1.131253454916223
-1.131253454916223
0.470598125677641
1.131253455257845
-0.656931760013333
1.045202596160199
0.875009209036480
-1.131253454064113
0.068751004447691
-2.581693953268523
-2.581693953313005
-2.581693953333851
0.000000000000000
0.000000000000000
0.000000000000000
0.390572841429976
0.000000000000000
2.506585412495229
-2.581693953561332
0.000000000000000
0.000000000000000
0.893079159889263
0.893079159889263
2.581693953496407
-0.674807095368320
-0.081639033888551
2.387626747917497
-2.581693953518085
-2.581693953538353
0.080335241353514
-0.785442324307941
-0.785442325044248
-0.785442325191692
0.000000000000000
0.000000000000000
0.000000000000000
0.229734020371649
0.000000000000000
0.785442325051931
0.060413060738232
0.000000000000000
0.000000000000000
-0.785442325365052
-0.785442325365052
0.250299783085349
0.785442325260261
-0.265316590285552
0.767871706105577
-0.743468697367434
-0.785442324128814
0.044121035437042
