0.423226493671803
0.202258781849156
0.152988654263146
-0.873130234196795
-0.995366323573259
-0.100837490365983
-0.447552153503148
-0.326668971876972
0.000000000000000
-0.162696056091346
0.000000000000000
0.321534129074405
0.501980388971148
0.183242307331357
0.986051241712913
0.927708554897536
-0.126151633246811
-0.185518204727131
-0.549283002353603
0.164415771125530
0.000000000000000
0.491905406539241
0.155175346322337
0.261984166156419
0.396884823724722
0.277623098214008
0.385817024842044
0.309948606405478
0.193833419015679
0.000000000000000
0.038968129238130
0.000000000000000
0.158026923301172
0.276484289980237
0.438542999964840
0.271374809365149
0.341910148320820
0.301560889306117
0.191347645836438
0.575071487008648
0.039002126909384
0.000000000000000
23.797827470287242
12.545851405582960
14.820113980318594
-18.981795664480451
-2.320206530525251
22.183502274126798
-12.427613155159968
-12.166465876039332
0.000000000000000
0.177540695554062
0.000000000000000
11.734820462034747
14.350827419954989
-19.228102307695313
2.858212620338044
22.395813825403046
-13.527287371134246
-11.914600575671379
-29.956147101821628
0.023654264278631
0.000000000000000
-0.009614845774697
0.001079620664573
-0.002155586648528
-0.032750494736422
-0.019804020476790
-0.007458459459508
-0.026331037219366
-0.019542896700930
0.000000000000000
-0.016983695397819
0.000000000000000
0.000100859704062
-0.004116553336786
-0.037708920922372
-0.015698437582146
-0.002322008211763
-0.025810050182642
-0.018959416239021
-0.053483579928992
-0.016950921176108
0.000000000000000
0.199119584503653
0.134156842676761
0.257760572942072
0.085258309394572
-0.777345910844452
0.158125804400073
0.206976406078468
0.089328032633942
0.000000000000000
-0.035075575336099
0.000000000000000
0.132121945224044
0.258509431608575
0.090449046624082
-0.766788475675453
0.153994749833164
0.203243325900145
0.089762757696049
0.104966209098421
-0.034909964368977
0.000000000000000
-0.033758380539989
-0.018287097436384
-0.023770183110986
0.014217611957768
-0.013089990915441
-0.037360682677872
0.013913113695256
0.015162525700934
0.000000000000000
0.011106450595023
0.000000000000000
-0.014897609541802
-0.017139885350947
0.032121763306027
0.013514794559832
-0.017747262758745
0.022099208100191
0.017448477863576
0.041619669689989
-0.011198146422145
0.000000000000000
-1.535548327755806
-0.816757212813748
-1.001873292148438
1.026710892276043
0.146776233026039
-1.220328168808106
0.854848844652754
0.794390661619976
0.000000000000000
-0.011102123565492
0.000000000000000
-0.767399340072222
-0.974136317921461
1.037741480144945
-0.179958641744811
-1.237538293472537
0.921597405877616
0.777911148617166
1.915098469215145
-0.001304269370637
0.000000000000000
0.009091428090101
0.016941142871243
0.059154899594938
0.181925455229986
-0.000819123820181
-0.188542887651839
-0.064402360634603
-0.020670321650476
0.000000000000000
-0.000249038318992
0.000000000000000
-0.019705172705507
-0.064132867127295
-0.189229394699720
-0.000643588926729
0.182850038129708
0.058619128008450
0.016592895738821
0.007646963482324
-0.000243934631183
0.000000000000000
