-0.070915370426301
-0.069790865139386
-0.069790865139386
-0.080179441253115
-0.188897329402847
-0.504981431358512
-0.929066416496178
-0.657230991382235
0.000000000000000
-0.166862462932719
0.000000000000000
0.010231123574081
0.021256724214979
0.051528850346969
0.149901408094157
0.509102726844997
0.967222881571081
0.440446213330916
0.122063421504480
0.164878760315028
0.000000000000000
0.420395724514114
0.266807473453047
0.266807473453047
0.246737495322715
0.368017267009874
0.302992250416687
0.350698597239289
0.492640027614619
0.000000000000000
0.038320438636695
0.000000000000000
0.108785317096783
0.161460470674483
0.252699427887529
0.396490416130906
0.384104427503313
0.250861693061401
0.312423737566350
0.500016880746767
0.041955943080890
0.000000000000000
15.682861258598153
13.445788066396883
13.445788066396883
12.768669823505407
14.947470128355848
-15.477342054508782
-3.237023790326638
19.619307886680737
0.000000000000000
0.327974179730203
0.000000000000000
5.407809879774034
8.700960167211699
12.832121156061737
14.302204753396705
-18.115984152588613
2.987618935146224
31.132508531001118
-29.531429948646029
0.080311060173244
0.000000000000000
-0.027391039229689
-0.018099611087232
-0.018099611087232
-0.016689153040398
-0.023649105545100
-0.012847269165861
-0.020973462156361
-0.031572287138447
0.000000000000000
-0.017095243558710
0.000000000000000
-0.007383882733580
-0.011086408376931
-0.017079318999809
-0.025213199936296
-0.017155376837949
-0.017192076213706
-0.024217099783660
-0.019272143886423
-0.017312883060246
0.000000000000000
0.086845195758382
0.098598431653815
0.098598431653815
0.124550528537185
0.241158567667329
0.073833373867710
-0.746749400771105
0.154927437775982
0.000000000000000
-0.037911597414056
0.000000000000000
0.035519253319878
0.065160180257888
0.128527166367136
0.256859368562005
0.111983274765341
-0.809256909163087
0.043769303117144
0.306401527475065
-0.035908233492174
0.000000000000000
0.002509031239168
0.002013804037377
0.002013804037377
0.001690251582239
0.000404710695461
-0.012339538449332
-0.017986317842032
-0.007385706610650
0.000000000000000
0.011365096953666
0.000000000000000
0.001509827096907
0.002528283649756
0.004162108992471
0.006589105609707
0.005808403651492
0.017354061875239
0.014594518370907
-0.004680250686364
-0.011386953477853
0.000000000000000
-1.007787534154222
-0.867805796614072
-0.867805796614072
-0.833174820141974
-1.016794714161388
0.786458287426560
0.209810479256501
-1.058177681528874
0.000000000000000
-0.021870181883047
0.000000000000000
-0.348028671973962
-0.560715727653483
-0.836165977378689
-0.972811004533803
0.962721693126784
-0.202347583943872
-1.812767795197392
1.942971676202011
-0.005610336444913
0.000000000000000
0.003422270518841
0.014234375489687
0.014234375489687
0.023708223121060
0.067726761114953
0.178433506967958
-0.003685439086913
-0.214181292828290
0.000000000000000
-0.000192018467818
0.000000000000000
-0.001451196072410
-0.003747181630392
-0.014034840259678
-0.058764533005050
-0.203959310234708
0.010001859584628
0.183944243539610
0.012043884629966
-0.000659687205264
0.000000000000000
