0.367298121391663
0.275341121890056
0.275341121890056
-0.915025980252370
-0.993040164746973
-0.105335232703057
-0.435478214404793
-0.317173225502072
0.000000000000000
-0.162324974607254
0.000000000000000
0.297269686382024
0.466258113582848
0.182144342040942
1.006448276014658
0.906514645452218
-0.118961409706839
-0.177748880782376
-0.534625766272628
0.164250915260017
0.000000000000000
0.429798669920282
0.330915699385035
0.330915699385035
0.356493319280447
0.286619503409085
0.375020998252910
0.321125246681951
0.203944000028574
0.000000000000000
0.039410174201887
0.000000000000000
0.130952919390971
0.235424632650203
0.436160574604686
0.296046326677711
0.316903918611588
0.309238916191596
0.200026622584527
0.592308255783942
0.038954592486939
0.000000000000000
19.722885295514022
21.614454845782337
21.614454845782337
-21.901361742606099
-2.148417027054108
21.716736327371564
-11.570116664785354
-11.469134044913092
0.000000000000000
0.196259041541664
0.000000000000000
9.964455609789082
11.720603167391490
-19.367749939162024
4.247971247573309
20.830917587742508
-12.975771329453302
-11.330476542839827
-28.844785431562329
0.005963750226518
0.000000000000000
-0.009070465989624
-0.000018329279215
-0.000018329279215
-0.032643913080271
-0.022314414757344
-0.006857227247527
-0.025646572978970
-0.019258883120156
0.000000000000000
-0.017090825924062
0.000000000000000
0.000475457838947
-0.003338801157498
-0.037426773678445
-0.018059837909517
-0.001821338080038
-0.025181168072132
-0.018685338705354
-0.053193062255781
-0.017060411033491
0.000000000000000
0.140463879994203
0.316847428464795
0.316847428464795
0.051588487282982
-0.780589151266870
0.150934622525437
0.221233748579554
0.100209047778864
0.000000000000000
-0.035136619515588
0.000000000000000
0.108233202131506
0.223942597968869
0.091262291239803
-0.755686448162955
0.134203436483557
0.214282625704119
0.099358771763716
0.120811367692969
-0.035422931454474
0.000000000000000
-0.027504511814491
-0.033280796188376
-0.033280796188376
0.018539811660001
-0.013346736181703
-0.036546088002425
0.012572533186278
0.014060829141125
0.000000000000000
0.011081935372748
0.000000000000000
-0.012177436364570
-0.013100138506297
0.032294745631397
0.011464923732549
-0.015306752946761
0.021201882510680
0.016514909864378
0.039820401887873
-0.011168819406526
0.000000000000000
-1.265372947071189
-1.437988964450486
-1.437988964450486
1.218420957918404
0.135396408107561
-1.187960154228781
0.797820779635055
0.747815688785504
0.000000000000000
-0.012279864527860
0.000000000000000
-0.649991546846739
-0.799618694343733
1.046763095976533
-0.271042988773986
-1.133308023218461
0.884428776224359
0.738744013630322
1.840289050221627
-0.000093019028377
0.000000000000000
-0.001286322035205
0.062047065130676
0.062047065130676
0.176115055067803
-0.000399144060967
-0.190981766579398
-0.062192803611039
-0.018692753502059
0.000000000000000
-0.000257370787132
0.000000000000000
-0.024277641239334
-0.071011475626784
-0.189605221545524
0.001991330267940
0.178627308011000
0.060479488106178
0.018390298215347
0.011221513180835
-0.000326831926381
0.000000000000000
