0.268576110982652
-0.932137658201032
-0.932137658201032
-0.539016098233124
-0.257521721323593
-0.115374249581834
-0.057392598102089
-0.030608689049109
0.000000000000000
-0.167905377969801
0.000000000000000
0.453178652111412
0.885779082550445
0.567281390710220
0.110413263243237
0.020568184564260
0.004373991417102
0.008689989145517
0.018644630327775
0.156283153815326
0.000000000000000
0.504779774700991
0.286154839250485
0.286154839250485
0.375990813903908
0.392865665183238
0.242767905811001
0.152260939306163
0.101708468175631
0.000000000000000
0.041990173375102
0.000000000000000
0.531214911841519
0.319802122034887
0.355238195645368
0.389069790016498
0.248375169856800
0.154362374813717
0.106609170928947
0.415607780194808
0.039083260703255
0.000000000000000
26.518627870581728
-15.736181781783230
-15.736181781783230
32.241750636154755
-14.851587443961701
-13.769393970113653
-9.030619015611714
-5.612948793721041
0.000000000000000
0.175251943333125
0.000000000000000
-26.949748466235135
13.925767199062010
10.747144018545374
-22.380548031749829
-16.178728217831281
-9.827165761392678
-5.542602214915581
-18.314174755348304
-0.309889608848608
0.000000000000000
-0.027417226617326
-0.016916595149201
-0.016916595149201
-0.022842743296989
-0.020815956641297
-0.012745832631440
-0.008028060910415
-0.005408496444183
0.000000000000000
-0.017262137285553
0.000000000000000
-0.028202798097862
-0.021332560942683
-0.019569198653905
-0.019902053072685
-0.012836032071072
-0.008068711094393
-0.005657782793633
-0.022450877552018
-0.016920151700220
0.000000000000000
0.452817745380149
-0.462255460182591
-0.462255460182591
-0.348476806981324
0.295052099024556
0.200633506443721
0.117379035330751
0.069312167200690
0.000000000000000
-0.044911787165307
0.000000000000000
0.271961373432739
-1.005647483722024
0.099574458438773
0.442490600264576
0.248014563092634
0.133386321169623
0.074122759788363
0.216091622097479
-0.040866379804249
0.000000000000000
-0.012395236074051
-0.006344079693885
-0.006344079693885
-0.025259186436259
0.002853765841701
0.004961287042622
0.003617071629901
0.002353775203988
0.000000000000000
0.011114879192977
0.000000000000000
0.021301570026993
0.012183755145925
0.004596724735486
0.013062572915650
0.008567484920109
0.005111803058575
0.003003748431455
0.009845353585170
-0.010933763627795
0.000000000000000
-1.777315149009249
0.935380904455110
0.935380904455110
-1.771001268559623
1.006545816098173
0.889514186114868
0.578246809456187
0.359090567586201
0.000000000000000
-0.008914912505087
0.000000000000000
1.485970249656996
-0.826318624465019
-0.507727991044330
1.449906049699111
1.030829139521165
0.623648454822245
0.353396638025268
1.163083019854872
0.021001764834357
0.000000000000000
0.035282349183529
0.086778712053349
0.086778712053349
-0.292877122963065
-0.055257772091630
-0.006488543404688
0.000899094305516
0.001159703471704
0.000000000000000
-0.002297373113911
0.000000000000000
-0.174891176793817
-0.066115871266454
0.201903040228574
0.108894066709895
0.044270137445572
0.019847881229035
0.009111394226453
0.014984251617703
-0.000423160581702
0.000000000000000
