0.173211629751766
-0.710195611524046
-1.032385035331776
-0.351988351919757
-0.280619705986663
-0.166171537347230
-0.097142285189510
-0.058258825660751
0.000000000000000
-0.163029859970447
0.000000000000000
0.485682193387253
0.940472143660685
0.630249001793522
0.044166628946078
-0.037670136074884
-0.035148063615311
-0.014687590674136
-0.082727557919694
0.159924404093419
0.000000000000000
0.509387199861269
0.305041017177691
0.254981343792728
0.394169044455623
0.397270516535321
0.250378455658173
0.158848972348664
0.106782983794424
0.000000000000000
0.041975834944864
0.000000000000000
0.496454865422456
0.351232985988613
0.323232011286585
0.377327692648517
0.248698307813649
0.157180291112447
0.108882192396411
0.433334145630653
0.038385022739515
0.000000000000000
30.373880003081599
-31.268306513475373
-3.704124768983831
18.651646769873004
-14.646461112797953
-12.858206431215375
-8.457763144708188
-5.323431550969270
0.000000000000000
-0.070857968343849
0.000000000000000
-20.910693341212006
4.165895460284924
14.618454328517917
-16.391918182496511
-13.272577388091838
-8.430692253742162
-4.850880457883064
-17.058203491830298
-0.341375468626609
0.000000000000000
-0.028289309387870
-0.015917571005470
-0.016579723910973
-0.022079647682068
-0.021141655418675
-0.013389832476751
-0.008554021380409
-0.005791476881659
0.000000000000000
-0.017225251668206
0.000000000000000
-0.026750357492598
-0.022018367287594
-0.017985252489372
-0.019987762280194
-0.013281918544959
-0.008461749520497
-0.005911367458950
-0.023824416163220
-0.016868673664120
0.000000000000000
0.287734534687213
0.063326378789942
-0.807771656864411
0.105230581337800
0.270772207888687
0.137321019400234
0.070856939328387
0.039299623871001
0.000000000000000
-0.035415583630438
0.000000000000000
0.169746839508104
-0.748269672985564
0.070273263516665
0.256461109166768
0.135307062557477
0.069308486211585
0.039114881327508
0.101865562018736
-0.037057151132012
0.000000000000000
-0.015509708167031
0.003863461025188
-0.013217654108545
-0.016431241377075
0.002428120328603
0.003817658179842
0.002785393473018
0.001824410339332
0.000000000000000
0.011296215942157
0.000000000000000
0.019046011858539
0.017375345599210
0.003758410355444
0.009405627022470
0.006416585673259
0.003911861064153
0.002354559986163
0.007816816561324
-0.010867047221257
0.000000000000000
-1.996107095382521
1.822052336510376
0.246219283429009
-0.994963123748833
0.995481895213365
0.838707934798172
0.546555642391796
0.343316269327190
0.000000000000000
0.005091065467194
0.000000000000000
1.137417699111416
-0.266448453808009
-0.732515646017760
1.107418314039426
0.865463064565329
0.544555740754737
0.314341024547869
1.094056536404705
0.022696951552863
0.000000000000000
0.009953928416301
0.186783273207236
0.010210359816366
-0.205466417527502
-0.056831923276265
-0.012830017610523
-0.003185931631507
-0.000999855681142
0.000000000000000
-0.000695703298421
0.000000000000000
-0.212281119932880
-0.004341582170045
0.178463832588420
0.070578765446429
0.025348691136213
0.010610698383674
0.004488131787737
0.005849215733736
-0.000180332074663
0.000000000000000
