0.196013081480552
0.295919014826595
-1.169406040742725
-1.169406040742725
1.378213765460655
-1.196359306078731
-0.651554792560233
-0.183721548246229
-0.015679057575816
0.039588238851655
0.360376040646802
0.673622306731496
0.968540559976378
1.685337524788403
-2.224418029357180
1.655799803614318
0.960043727024708
0.534444665497742
0.000000000000000
0.217096228101428
-0.003768328318562
0.433653691201925
0.727352303192582
0.694647319683615
0.694647319683615
1.246699180189652
0.742169100425380
0.728749892550486
0.675073885493900
0.529635102884597
0.433652546055213
0.578986959379269
0.971986198417338
1.269146714698600
2.152899155324829
0.839294100046349
2.196585924098064
1.495847145455335
0.987723977524568
0.000000000000000
0.485410427184444
0.322677311863436
4.431498637372215
10.337045638054695
-1.197045460871378
-1.197045460871378
0.683643373456712
15.694740955908026
-18.363541736496476
-12.867250832446299
-7.311317538810796
-4.533877894107226
4.328192670681888
9.537541544770709
12.509984591422118
-4.017160379569743
0.482838977222680
16.689621205161359
-11.100265385435009
-10.468428309307015
0.000000000000000
-4.330703281944370
0.447215253387133
-0.056983662440869
-0.094293504724978
0.023615241898324
0.023615241898324
-0.165695455598527
0.017179612174977
-0.014621782069970
-0.046164003466578
-0.046619800896479
-0.042504665363182
-0.082247471909508
-0.143589921122825
-0.193664721484205
-0.328012928994325
0.005093451325282
-0.335716038943549
-0.204556034995785
-0.126939828458698
0.000000000000000
-0.059741847711339
-0.058421683075337
-0.066680480028602
-0.113439962872328
0.135665092878714
0.135665092878714
-0.593826463990157
0.104307096000411
0.089370245592269
0.005818635827227
-0.021525803535465
-0.028586894659463
-0.087624580419162
-0.149502387189943
-0.191270008097899
-0.204679245139051
-0.554775136895660
-0.255583801259082
-0.089413097944313
-0.060731739705279
0.000000000000000
-0.039110926584106
-0.118458175920059
-0.048003016285613
-0.073443492664201
0.358026762640473
0.358026762640473
-0.129012178402845
0.369545478589230
0.212814383959473
0.074286411991219
0.020284852161960
0.001008191639683
-0.089072258528038
-0.169058122020608
-0.244523973103812
-0.432311004904648
0.309594223201676
-0.442551509872653
-0.220309351363649
-0.115174943862432
0.000000000000000
-0.045448304129469
0.009769610239609
-0.554554854483116
-1.298972599147745
-0.073921771065180
-0.073921771065180
-0.105616950889466
-1.701409486336804
2.406010160287954
1.661469556774341
0.942686449361114
0.585446698236136
-0.541799037518616
-1.205306829257770
-1.596644287379915
0.155105233188713
-0.079192333533544
-1.747522728346945
1.523602497665738
1.367985629196815
0.000000000000000
0.561511523198164
-0.058983214908711
-0.012738205626413
-0.032576404182352
-0.154441539109160
-0.154441539109160
0.001219023914564
0.140862202212269
0.112045980468267
0.059063050181731
0.031002061457759
0.018698864752374
-0.010378913389434
-0.019464687182293
-0.016947245993716
0.253625378982045
0.003375794234091
-0.270628556046237
-0.030415849600754
0.014373224413121
0.000000000000000
0.010646977865018
0.000142727000438
