-1.249437448378663
1.463275378092383
-1.122184053625070
-1.122184053625070
0.057841905011487
0.120232706891340
0.113093571208628
0.102374810862031
0.086841719558627
0.077877096058121
2.042507090024497
-2.247550127385698
2.030670610289757
1.115817835829268
0.399391196762855
0.215982950475484
0.157409476178653
0.116090290091433
0.000000000000000
0.076628880689316
0.014048604129872
1.054358994717835
1.519199645014965
0.991918852884282
0.991918852884282
0.143763939033548
0.340301980803454
0.309391112474106
0.272131881215181
0.225569678673511
0.196122035380269
3.061474781821835
0.970468132036509
3.539984123500807
0.507488416753010
0.220633324716535
0.222181874291262
0.187338931993934
0.155605298270644
0.000000000000000
0.121007405303346
0.400134609892882
-0.933685793808054
4.622155604386700
8.974939648875075
8.974939648875075
-21.940000375010261
-6.445379980858963
-3.378651279185031
-2.173276136317445
-1.495140602031969
-1.224026060078805
9.456756604375267
-0.190950482120873
43.496301470913757
-45.054951936066210
-21.380203777714517
-8.253497704548881
-5.086143411250368
-3.294813159780229
0.000000000000000
-1.696488802652137
1.286050551788566
-0.013446571756364
-0.193337370112150
-0.015804958987783
-0.015804958987783
-0.015894275306938
-0.040271945455223
-0.036998932446493
-0.032783915670141
-0.027324257009696
-0.023914509757077
-0.429884351606545
-0.010719479144443
-0.480467052576902
-0.116061931586643
-0.044900670352553
-0.034632477513651
-0.027762421893204
-0.022201090057315
0.000000000000000
-0.016470934621838
-0.066755644744001
0.116517603864900
-0.595279303478679
0.102327000734808
0.102327000734808
-0.052331774212381
-0.054757148945545
-0.044171163516575
-0.037504586722838
-0.030655341392482
-0.026706354320892
-0.245885225731570
-0.569789252425704
-0.270027794241684
-0.090917834884797
-0.060008551633498
-0.044635563856487
-0.033271716428384
-0.025345949415368
0.000000000000000
-0.018139925873377
-0.120307311523432
0.379971602754411
-0.144517365743037
0.344698872873408
0.344698872873408
-0.013592984584830
-0.027403395892071
-0.025645823413043
-0.023266228036598
-0.019792298572013
-0.017824271861697
-0.508312015260612
0.311933880959018
-0.503223622621485
-0.282374096992873
-0.100441028772660
-0.053344225841342
-0.038455195473169
-0.028118585607771
0.000000000000000
-0.018326527734126
0.006198703636117
-0.161625938154208
-0.610613236721827
-0.920882339599481
-0.920882339599481
2.748950407513090
0.804617898530706
0.420538520461664
0.269927146530080
0.185399263274670
0.151703098568973
-1.569027583525614
-0.007129220544535
-5.136535761238036
5.754853517058663
2.692338548575432
1.035994868122330
0.638090841085380
0.413170076860628
0.000000000000000
0.212247686442956
-0.169253746386297
-0.191569903903069
-0.015124394066024
0.113504552788302
0.113504552788302
0.056498067468346
0.011916482862175
0.005104423439087
0.002429049277041
0.001226003762689
0.000861891610595
0.200050230436658
-0.006208494888344
-0.358080971824716
0.043511523147690
0.044606237126461
0.017297636358065
0.010179514695089
0.006201777681276
0.000000000000000
0.002844910278463
-0.005191460143859
