0.056166472238441
-0.060084140129386
-0.251901153425186
-0.385321968572113
-2.825836262177368
-5.558283453727497
-8.758570058274065
3.675897279492359
0.250768255026993
0.712211412138631
0.776057551351836
0.974303498662850
1.283471659751722
1.891610095787520
3.566976704537468
6.661470846833955
12.181355662081707
-7.316355686344662
0.000000000000000
-1.954969496072508
-0.046009003411184
0.205771732546899
0.224806128689009
0.228694969279997
0.270628911986482
-0.243936736218400
-0.952411956950978
-2.023093057816019
2.956037402446412
0.777772657631256
2.321595255833708
0.487619666457220
0.581535286127990
0.705336608088881
0.916112816098563
1.135952448151814
1.551022115615380
2.498995333574607
2.513114713165541
0.000000000000000
3.600705074286941
0.405527857226174
-0.090149245546313
0.182368638815250
0.472911172845820
1.418001715689513
6.665712318327689
11.604702265446186
17.609822240355729
-16.515021738112633
2.074359553618911
-3.327713142261298
-0.958960901300415
-1.005581381370963
-1.258595348263379
-0.979432199811021
0.563907052940328
0.040379317628817
-3.413931395447270
-9.797778204288962
0.000000000000000
-0.043885030623688
-0.638033914831382
-0.023345431951192
-0.020244543344979
-0.012220826363731
-0.010405428586507
0.148412924963238
0.342881483960590
0.603949006450072
-0.407878119582370
-0.078043897889816
-0.207541958958181
-0.083738534639971
-0.102190383307100
-0.128491158856302
-0.177522637754147
-0.276395116103739
-0.457263597564104
-0.800756200125451
0.043445763537577
0.000000000000000
-0.307389896881480
-0.063787326393499
-0.015562399631386
-0.037426620131247
-0.068309020458840
-0.092018316371767
-0.426438381254485
-0.741564096061643
-0.981159469108300
0.661190556496461
-0.965892036105242
0.320679333334764
0.061765129863448
0.078583691543186
0.110260902597765
0.166916441968302
0.361166453200259
0.764960409418148
1.500351991187398
-1.395545168939734
0.000000000000000
-0.739220776727169
-0.097077100228766
-0.010313476976606
0.007521708681803
0.037782448560500
0.058829184544126
0.444215630711488
0.891429275168574
1.455000668081048
-0.359768763111610
0.008136334557732
0.130820081201825
-0.127037495397416
-0.160194352646227
-0.210820780503878
-0.313575184810679
-0.596716166906400
-1.105306462111262
-2.012374944594125
1.044733570864789
0.000000000000000
0.162343009215313
0.020643458719240
0.019753952505138
-0.026225125436495
-0.076072205670391
-0.233786333401066
-1.140269052369988
-2.007485814741542
-3.108561082542841
2.521329988584935
-0.366545444204255
0.942866160495210
0.175448056369849
0.186381852854256
0.233093638381290
0.193503069712010
-0.058724409488232
0.032253641889813
0.552360327890011
1.145974263258237
0.000000000000000
0.557152316069019
0.110312455617403
0.000086909495104
-0.001754107277899
-0.003498755360996
-0.011488014976689
-0.045328568565096
-0.080056043347075
-0.140760419169104
-0.016822262475627
-0.016360735227736
0.172461020461179
0.004138333780988
0.003789017486818
0.004655807362738
0.000879868323407
-0.012250959870181
-0.009212806303190
0.035990952256886
0.238019332261514
0.000000000000000
-0.162393184044316
0.004954381742001
