-1.254174286699589
1.479575329226057
-1.168841427150773
-0.952281070986206
-0.062104063356452
0.069960522915803
0.078385874507091
0.076260217885918
0.067123775683362
0.061671042881791
2.073780849505003
-2.245171671049360
2.103339563250346
1.018984328796387
0.344361821802801
0.187906764845982
0.139099768820667
0.102564422699631
0.000000000000000
0.067629643747954
0.017079111891613
1.108513626241237
1.472295705053446
1.288210039168977
0.083533426076839
0.505883005023555
0.463737937207496
0.383645941855344
0.324493601624017
0.263865767552376
0.227841676434436
2.926821826454078
1.004547697430920
3.126138536037931
1.215950003628620
0.550793776053967
0.351438866924287
0.272452285762296
0.213193375229846
0.000000000000000
0.153149964963329
0.394962393969625
1.438274666254320
2.567892145110102
20.830425242393556
-26.713209758853559
-9.166613768134075
-2.333705416318932
-1.156050309534265
-0.677056510777492
-0.427706464968298
-0.332564736702815
3.960931203922623
1.083596044091862
26.328552968482708
-15.540947350955562
-8.024425788800588
-2.993252853663159
-1.774282559267922
-1.116263306801476
0.000000000000000
-0.537977324025798
1.049350857032706
-0.018342345496647
-0.190310277949509
-0.041451570232184
0.061188108117057
-0.042784900167723
-0.048780807137378
-0.041798252478917
-0.036052836263691
-0.029672183560201
-0.025869774009556
-0.419101150395749
-0.014608165806895
-0.445277115549800
-0.178723216369232
-0.073383015828098
-0.045360324394370
-0.034830073601118
-0.026895227876080
0.000000000000000
-0.018987172539487
-0.066547572590803
0.116533691377812
-0.598921782027541
0.102678288517973
0.097184844740908
-0.043167269469141
-0.050375179388133
-0.041567072343133
-0.035580907374652
-0.029216765828746
-0.025525016142662
-0.249293776105609
-0.572583804176641
-0.276532223033621
-0.086910376006612
-0.057338601482646
-0.042924260833585
-0.032468357760122
-0.024628209836255
0.000000000000000
-0.017619900517971
-0.121113150632311
0.382557236359934
-0.150298363918464
0.364839465387909
0.275014508722701
0.029452700554762
-0.010030628782539
-0.013942919405369
-0.014548989922030
-0.013241694244919
-0.012435425840546
-0.520548603444938
0.312121261659248
-0.534233687903326
-0.237674319428770
-0.076749417543810
-0.042275630799028
-0.031221078686243
-0.022878089155234
0.000000000000000
-0.014986273378493
0.005203282380584
-0.455687462295057
-0.358189445095946
-2.386794225580875
3.486785351573702
1.181965565555336
0.302272141357671
0.150314841870585
0.088501319640815
0.056157399970805
0.043715283880376
-0.891370406163923
-0.166038500089245
-3.015226577644685
2.102510071861668
1.041652575529797
0.386401244226499
0.229436968956633
0.144693242566467
0.000000000000000
0.069803163298672
-0.140381957476546
-0.196097801932169
-0.012621348259045
0.094130922661475
0.168409274948043
0.043811018772796
0.009010316327002
0.004547658318738
0.002391031694152
0.001330818653104
0.000913690218647
0.208131928896776
-0.009127189245635
-0.330550029941594
-0.006969202780208
0.023176282042202
0.009347794090208
0.005336291204767
0.003233949873165
0.000000000000000
0.001487175236921
-0.005028739073665
