-0.187389672177125
-0.084149464475382
0.094666063680614
-0.065375350637269
-0.318182314817335
0.000000000000000
-0.130798996145696
-0.085939411337772
-0.078167737346806
-0.058341574407701
0.517326741509355
-0.094580855460520
-0.146037433518245
-0.146037433518245
0.805280019180677
0.047254726501783
0.012733080214586
-0.013647059258292
-0.019583524079006
-0.018584493142213
-0.011175195767438
0.070913937050535
0.097102224563095
0.039362397686387
0.088895880697403
0.114127017823705
-0.000000000000000
0.038815161921796
0.026453614492991
0.023671929329169
0.019004122114777
-0.058777725992134
0.090648547354625
0.096624434179845
0.096624434179845
-0.100195265407312
0.009873964794398
0.011113395012301
0.012894875207801
0.012681822146787
0.011666241544307
0.019492577220647
0.550232117981978
-0.232162552299259
-0.089783274491389
0.249589093383325
-1.120168675184317
0.000000000000000
-0.284059321750875
-0.176542802627037
-0.152667386779866
-0.107701054355861
1.177404843534037
-0.506788949562497
0.040952443012629
0.040952443012629
0.315832825828014
-0.136192359178646
-0.103997797150373
-0.095573568481374
-0.087218321866351
-0.062046575942883
-0.013635980135732
-0.106008464350519
-0.150653897771764
-0.060774792863485
-0.133789711223316
-0.189533994785852
0.000000000000000
-0.064026491450530
-0.043429709752238
-0.038836499425650
-0.030969199882921
0.109709537156791
-0.141706180623798
-0.149387865318200
-0.149387865318200
0.169472405572271
-0.015497896071980
-0.017687379017547
-0.020778834833663
-0.020478088191911
-0.018682594185025
-0.050217926563995
-0.588443327214939
-0.161423737438815
-0.592848127567869
-0.165524367021923
-0.993961384645267
0.000000000000000
-0.439344200254588
-0.291731569213054
-0.266157260160159
-0.200749103881224
1.648574323257972
-0.518622601116789
-0.680484518139872
-0.680484518139872
2.650405074432764
0.141420851859709
0.027365300895328
-0.057878701485359
-0.076485502667368
-0.071908394832812
-0.117466159459176
-0.106008464350519
-0.150653897771764
-0.060774792863485
-0.133789711223316
-0.189533994785852
0.000000000000000
-0.064026491450530
-0.043429709752238
-0.038836499425650
-0.030969199882921
0.109709537156791
-0.141706180623798
-0.149387865318200
-0.149387865318200
0.169472405572271
-0.015497896071980
-0.017687379017547
-0.020778834833663
-0.020478088191911
-0.018682594185025
-0.050217926563995
-0.588443327214939
-0.161423737438815
-0.592848127567869
-0.165524367021923
-0.993961384645267
0.000000000000000
-0.439344200254588
-0.291731569213054
-0.266157260160159
-0.200749103881224
1.648574323257972
-0.518622601116789
-0.680484518139872
-0.680484518139872
2.650405074432764
0.141420851859709
0.027365300895328
-0.057878701485359
-0.076485502667368
-0.071908394832812
-0.117466159459176
-0.588443327214939
-0.161423737438815
-0.592848127567869
-0.165524367021923
-0.993961384645267
0.000000000000000
-0.439344200254588
-0.291731569213054
-0.266157260160159
-0.200749103881224
1.648574323257972
-0.518622601116789
-0.680484518139872
-0.680484518139872
2.650405074432764
0.141420851859709
0.027365300895328
-0.057878701485359
-0.076485502667368
-0.071908394832812
-0.117466159459176
