0.188113865118361
0.188113865118361
0.188113865118361
0.188113865118361
0.188113865118361
0.188113865118361
0.188113865118361
0.188113865118361
0.188113865118361
0.188113865118361
0.188113865118361
0.188113865118361
0.188113865118361
0.188113865118361
0.188113865118361
-0.014171002024690
-0.014171002024690
-0.014171002024690
-0.014171002024690
-0.014171002024690
-0.014171002024690
-0.014171002024690
-0.014171002024690
-0.014171002024690
-0.014171002024690
-0.014171002024690
-0.014171002024690
-0.014171002024690
-0.014171002024690
-0.014171002024690
-0.149792636613249
-0.149792636613249
-0.149792636613249
-0.149792636613249
-0.149792636613249
-0.149792636613249
-0.149792636613249
-0.149792636613249
-0.149792636613249
-0.149792636613249
-0.149792636613249
-0.149792636613249
-0.149792636613249
-0.149792636613249
-0.149792636613249
-0.013944216752021
-0.013944216752021
-0.013944216752021
-0.013944216752021
-0.013944216752021
-0.013944216752021
-0.013944216752021
-0.013944216752021
-0.013944216752021
-0.013944216752021
-0.013944216752021
-0.013944216752021
-0.013944216752021
-0.013944216752021
-0.013944216752021
0.138397292396050
0.138397292396050
0.138397292396050
0.138397292396050
0.138397292396050
0.138397292396050
0.138397292396050
0.138397292396050
0.138397292396050
0.138397292396050
0.138397292396050
0.138397292396050
0.138397292396050
0.138397292396050
0.138397292396050
0.188113864472672
0.188113864472672
0.188113864472672
0.188113864472672
0.188113864472672
0.188113864472672
0.188113864472672
0.188113864472672
0.188113864472672
0.188113864472672
0.188113864472672
0.188113864472672
0.188113864472672
0.188113864472672
0.188113864472672
0.188113864399343
0.188113864399343
0.188113864399343
0.188113864399343
0.188113864399343
0.188113864399343
0.188113864399343
0.188113864399343
0.188113864399343
0.188113864399343
0.188113864399343
0.188113864399343
0.188113864399343
0.188113864399343
0.188113864399343
0.188113864387037
0.188113864387037
0.188113864387037
0.188113864387037
0.188113864387037
0.188113864387037
0.188113864387037
0.188113864387037
0.188113864387037
0.188113864387037
0.188113864387037
0.188113864387037
0.188113864387037
0.188113864387037
0.188113864387037
0.188113864196509
0.188113864196509
0.188113864196509
0.188113864196509
0.188113864196509
0.188113864196509
0.188113864196509
0.188113864196509
0.188113864196509
0.188113864196509
0.188113864196509
0.188113864196509
0.188113864196509
0.188113864196509
0.188113864196509
0.188113864098606
0.188113864098606
0.188113864098606
0.188113864098606
0.188113864098606
0.188113864098606
0.188113864098606
0.188113864098606
0.188113864098606
0.188113864098606
0.188113864098606
0.188113864098606
0.188113864098606
0.188113864098606
0.188113864098606
-0.188113864911470
-0.188113864911470
-0.188113864911470
-0.188113864911470
-0.188113864911470
-0.188113864911470
-0.188113864911470
-0.188113864911470
-0.188113864911470
-0.188113864911470
-0.188113864911470
-0.188113864911470
-0.188113864911470
-0.188113864911470
-0.188113864911470
-0.083700708571716
-0.083700708571716
-0.083700708571716
-0.083700708571716
-0.083700708571716
-0.083700708571716
-0.083700708571716
-0.083700708571716
-0.083700708571716
-0.083700708571716
-0.083700708571716
-0.083700708571716
-0.083700708571716
-0.083700708571716
-0.083700708571716
0.188113865125604
0.188113865125604
0.188113865125604
0.188113865125604
0.188113865125604
0.188113865125604
0.188113865125604
0.188113865125604
0.188113865125604
0.188113865125604
0.188113865125604
0.188113865125604
0.188113865125604
0.188113865125604
0.188113865125604
-0.080458454325444
-0.080458454325444
-0.080458454325444
-0.080458454325444
-0.080458454325444
-0.080458454325444
-0.080458454325444
-0.080458454325444
-0.080458454325444
-0.080458454325444
-0.080458454325444
-0.080458454325444
-0.080458454325444
-0.080458454325444
-0.080458454325444
-0.188113865109185
-0.188113865109185
-0.188113865109185
-0.188113865109185
-0.188113865109185
-0.188113865109185
-0.188113865109185
-0.188113865109185
-0.188113865109185
-0.188113865109185
-0.188113865109185
-0.188113865109185
-0.188113865109185
-0.188113865109185
-0.188113865109185
-0.188113865020843
-0.188113865020843
-0.188113865020843
-0.188113865020843
-0.188113865020843
-0.188113865020843
-0.188113865020843
-0.188113865020843
-0.188113865020843
-0.188113865020843
-0.188113865020843
-0.188113865020843
-0.188113865020843
-0.188113865020843
-0.188113865020843
-0.188113864638844
-0.188113864638844
-0.188113864638844
-0.188113864638844
-0.188113864638844
-0.188113864638844
-0.188113864638844
-0.188113864638844
-0.188113864638844
-0.188113864638844
-0.188113864638844
-0.188113864638844
-0.188113864638844
-0.188113864638844
-0.188113864638844
-0.188113863067842
-0.188113863067842
-0.188113863067842
-0.188113863067842
-0.188113863067842
-0.188113863067842
-0.188113863067842
-0.188113863067842
-0.188113863067842
-0.188113863067842
-0.188113863067842
-0.188113863067842
-0.188113863067842
-0.188113863067842
-0.188113863067842
0.188113846904328
0.188113846904328
0.188113846904328
0.188113846904328
0.188113846904328
0.188113846904328
0.188113846904328
0.188113846904328
0.188113846904328
0.188113846904328
0.188113846904328
0.188113846904328
0.188113846904328
0.188113846904328
0.188113846904328
0.188113860997365
0.188113860997365
0.188113860997365
0.188113860997365
0.188113860997365
0.188113860997365
0.188113860997365
0.188113860997365
0.188113860997365
0.188113860997365
0.188113860997365
0.188113860997365
0.188113860997365
0.188113860997365
0.188113860997365
-0.008294314768516
-0.008294314768516
-0.008294314768516
-0.008294314768516
-0.008294314768516
-0.008294314768516
-0.008294314768516
-0.008294314768516
-0.008294314768516
-0.008294314768516
-0.008294314768516
-0.008294314768516
-0.008294314768516
-0.008294314768516
-0.008294314768516
0.120804757356549
0.120804757356549
0.120804757356549
0.120804757356549
0.120804757356549
0.120804757356549
0.120804757356549
0.120804757356549
0.120804757356549
0.120804757356549
0.120804757356549
0.120804757356549
0.120804757356549
0.120804757356549
0.120804757356549
0.061708150378462
0.061708150378462
0.061708150378462
0.061708150378462
0.061708150378462
0.061708150378462
0.061708150378462
0.061708150378462
0.061708150378462
0.061708150378462
0.061708150378462
0.061708150378462
0.061708150378462
0.061708150378462
0.061708150378462
0.095190318371811
0.095190318371811
0.095190318371811
0.095190318371811
0.095190318371811
0.095190318371811
0.095190318371811
0.095190318371811
0.095190318371811
0.095190318371811
0.095190318371811
0.095190318371811
0.095190318371811
0.095190318371811
0.095190318371811
0.070560464471205
0.070560464471205
0.070560464471205
0.070560464471205
0.070560464471205
0.070560464471205
0.070560464471205
0.070560464471205
0.070560464471205
0.070560464471205
0.070560464471205
0.070560464471205
0.070560464471205
0.070560464471205
0.070560464471205
-0.021727477847626
-0.021727477847626
-0.021727477847626
-0.021727477847626
-0.021727477847626
-0.021727477847626
-0.021727477847626
-0.021727477847626
-0.021727477847626
-0.021727477847626
-0.021727477847626
-0.021727477847626
-0.021727477847626
-0.021727477847626
-0.021727477847626
0.120804756865517
0.120804756865517
0.120804756865517
0.120804756865517
0.120804756865517
0.120804756865517
0.120804756865517
0.120804756865517
0.120804756865517
0.120804756865517
0.120804756865517
0.120804756865517
0.120804756865517
0.120804756865517
0.120804756865517
0.120804756822516
0.120804756822516
0.120804756822516
0.120804756822516
0.120804756822516
0.120804756822516
0.120804756822516
0.120804756822516
0.120804756822516
0.120804756822516
0.120804756822516
0.120804756822516
0.120804756822516
0.120804756822516
0.120804756822516
0.120804756710418
0.120804756710418
0.120804756710418
0.120804756710418
0.120804756710418
0.120804756710418
0.120804756710418
0.120804756710418
0.120804756710418
0.120804756710418
0.120804756710418
0.120804756710418
0.120804756710418
0.120804756710418
0.120804756710418
0.120804756686840
0.120804756686840
0.120804756686840
0.120804756686840
0.120804756686840
0.120804756686840
0.120804756686840
0.120804756686840
0.120804756686840
0.120804756686840
0.120804756686840
0.120804756686840
0.120804756686840
0.120804756686840
0.120804756686840
0.120804756623606
0.120804756623606
0.120804756623606
0.120804756623606
0.120804756623606
0.120804756623606
0.120804756623606
0.120804756623606
0.120804756623606
0.120804756623606
0.120804756623606
0.120804756623606
0.120804756623606
0.120804756623606
0.120804756623606
0.120804757422280
0.120804757422280
0.120804757422280
0.120804757422280
0.120804757422280
0.120804757422280
0.120804757422280
0.120804757422280
0.120804757422280
0.120804757422280
0.120804757422280
0.120804757422280
0.120804757422280
0.120804757422280
0.120804757422280
0.120804757401596
0.120804757401596
0.120804757401596
0.120804757401596
0.120804757401596
0.120804757401596
0.120804757401596
0.120804757401596
0.120804757401596
0.120804757401596
0.120804757401596
0.120804757401596
0.120804757401596
0.120804757401596
0.120804757401596
0.060996661295819
0.060996661295819
0.060996661295819
0.060996661295819
0.060996661295819
0.060996661295819
0.060996661295819
0.060996661295819
0.060996661295819
0.060996661295819
0.060996661295819
0.060996661295819
0.060996661295819
0.060996661295819
0.060996661295819
0.117266415598739
0.117266415598739
0.117266415598739
0.117266415598739
0.117266415598739
0.117266415598739
0.117266415598739
0.117266415598739
0.117266415598739
0.117266415598739
0.117266415598739
0.117266415598739
0.117266415598739
0.117266415598739
0.117266415598739
0.120804757084828
0.120804757084828
0.120804757084828
0.120804757084828
0.120804757084828
0.120804757084828
0.120804757084828
0.120804757084828
0.120804757084828
0.120804757084828
0.120804757084828
0.120804757084828
0.120804757084828
0.120804757084828
0.120804757084828
0.120804757048316
0.120804757048316
0.120804757048316
0.120804757048316
0.120804757048316
0.120804757048316
0.120804757048316
0.120804757048316
0.120804757048316
0.120804757048316
0.120804757048316
0.120804757048316
0.120804757048316
0.120804757048316
0.120804757048316
0.120804756976891
0.120804756976891
0.120804756976891
0.120804756976891
0.120804756976891
0.120804756976891
0.120804756976891
0.120804756976891
0.120804756976891
0.120804756976891
0.120804756976891
0.120804756976891
0.120804756976891
0.120804756976891
0.120804756976891
0.120804756901037
0.120804756901037
0.120804756901037
0.120804756901037
0.120804756901037
0.120804756901037
0.120804756901037
0.120804756901037
0.120804756901037
0.120804756901037
0.120804756901037
0.120804756901037
0.120804756901037
0.120804756901037
0.120804756901037
0.120804756798460
0.120804756798460
0.120804756798460
0.120804756798460
0.120804756798460
0.120804756798460
0.120804756798460
0.120804756798460
0.120804756798460
0.120804756798460
0.120804756798460
0.120804756798460
0.120804756798460
0.120804756798460
0.120804756798460
0.120804756727763
0.120804756727763
0.120804756727763
0.120804756727763
0.120804756727763
0.120804756727763
0.120804756727763
0.120804756727763
0.120804756727763
0.120804756727763
0.120804756727763
0.120804756727763
0.120804756727763
0.120804756727763
0.120804756727763
0.024828175169916
0.024828175169916
0.024828175169916
0.024828175169916
0.024828175169916
0.024828175169916
0.024828175169916
0.024828175169916
0.024828175169916
0.024828175169916
0.024828175169916
0.024828175169916
0.024828175169916
0.024828175169916
0.024828175169916
-0.570699995070246
-0.570699995070246
-0.570699995070246
-0.570699995070246
-0.570699995070246
-0.570699995070246
-0.570699995070246
-0.570699995070246
-0.570699995070246
-0.570699995070246
-0.570699995070246
-0.570699995070246
-0.570699995070246
-0.570699995070246
-0.570699995070246
0.114178276528187
0.114178276528187
0.114178276528187
0.114178276528187
0.114178276528187
0.114178276528187
0.114178276528187
0.114178276528187
0.114178276528187
0.114178276528187
0.114178276528187
0.114178276528187
0.114178276528187
0.114178276528187
0.114178276528187
-0.108094169026867
-0.108094169026867
-0.108094169026867
-0.108094169026867
-0.108094169026867
-0.108094169026867
-0.108094169026867
-0.108094169026867
-0.108094169026867
-0.108094169026867
-0.108094169026867
-0.108094169026867
-0.108094169026867
-0.108094169026867
-0.108094169026867
-0.366092182699850
-0.366092182699850
-0.366092182699850
-0.366092182699850
-0.366092182699850
-0.366092182699850
-0.366092182699850
-0.366092182699850
-0.366092182699850
-0.366092182699850
-0.366092182699850
-0.366092182699850
-0.366092182699850
-0.366092182699850
-0.366092182699850
0.570699995063412
0.570699995063412
0.570699995063412
0.570699995063412
0.570699995063412
0.570699995063412
0.570699995063412
0.570699995063412
0.570699995063412
0.570699995063412
0.570699995063412
0.570699995063412
0.570699995063412
0.570699995063412
0.570699995063412
0.570699994985580
0.570699994985580
0.570699994985580
0.570699994985580
0.570699994985580
0.570699994985580
0.570699994985580
0.570699994985580
0.570699994985580
0.570699994985580
0.570699994985580
0.570699994985580
0.570699994985580
0.570699994985580
0.570699994985580
0.570699994879138
0.570699994879138
0.570699994879138
0.570699994879138
0.570699994879138
0.570699994879138
0.570699994879138
0.570699994879138
0.570699994879138
0.570699994879138
0.570699994879138
0.570699994879138
0.570699994879138
0.570699994879138
0.570699994879138
0.570699994800441
0.570699994800441
0.570699994800441
0.570699994800441
0.570699994800441
0.570699994800441
0.570699994800441
0.570699994800441
0.570699994800441
0.570699994800441
0.570699994800441
0.570699994800441
0.570699994800441
0.570699994800441
0.570699994800441
0.570699988317983
0.570699988317983
0.570699988317983
0.570699988317983
0.570699988317983
0.570699988317983
0.570699988317983
0.570699988317983
0.570699988317983
0.570699988317983
0.570699988317983
0.570699988317983
0.570699988317983
0.570699988317983
0.570699988317983
-0.078770725094209
-0.078770725094209
-0.078770725094209
-0.078770725094209
-0.078770725094209
-0.078770725094209
-0.078770725094209
-0.078770725094209
-0.078770725094209
-0.078770725094209
-0.078770725094209
-0.078770725094209
-0.078770725094209
-0.078770725094209
-0.078770725094209
-0.570699995066193
-0.570699995066193
-0.570699995066193
-0.570699995066193
-0.570699995066193
-0.570699995066193
-0.570699995066193
-0.570699995066193
-0.570699995066193
-0.570699995066193
-0.570699995066193
-0.570699995066193
-0.570699995066193
-0.570699995066193
-0.570699995066193
0.110763932106996
0.110763932106996
0.110763932106996
0.110763932106996
0.110763932106996
0.110763932106996
0.110763932106996
0.110763932106996
0.110763932106996
0.110763932106996
0.110763932106996
0.110763932106996
0.110763932106996
0.110763932106996
0.110763932106996
-0.030448136099226
-0.030448136099226
-0.030448136099226
-0.030448136099226
-0.030448136099226
-0.030448136099226
-0.030448136099226
-0.030448136099226
-0.030448136099226
-0.030448136099226
-0.030448136099226
-0.030448136099226
-0.030448136099226
-0.030448136099226
-0.030448136099226
-0.570699995062327
-0.570699995062327
-0.570699995062327
-0.570699995062327
-0.570699995062327
-0.570699995062327
-0.570699995062327
-0.570699995062327
-0.570699995062327
-0.570699995062327
-0.570699995062327
-0.570699995062327
-0.570699995062327
-0.570699995062327
-0.570699995062327
0.570699995046938
0.570699995046938
0.570699995046938
0.570699995046938
0.570699995046938
0.570699995046938
0.570699995046938
0.570699995046938
0.570699995046938
0.570699995046938
0.570699995046938
0.570699995046938
0.570699995046938
0.570699995046938
0.570699995046938
0.570699994939763
0.570699994939763
0.570699994939763
0.570699994939763
0.570699994939763
0.570699994939763
0.570699994939763
0.570699994939763
0.570699994939763
0.570699994939763
0.570699994939763
0.570699994939763
0.570699994939763
0.570699994939763
0.570699994939763
0.570699994787407
0.570699994787407
0.570699994787407
0.570699994787407
0.570699994787407
0.570699994787407
0.570699994787407
0.570699994787407
0.570699994787407
0.570699994787407
0.570699994787407
0.570699994787407
0.570699994787407
0.570699994787407
0.570699994787407
0.570699994718361
0.570699994718361
0.570699994718361
0.570699994718361
0.570699994718361
0.570699994718361
0.570699994718361
0.570699994718361
0.570699994718361
0.570699994718361
0.570699994718361
0.570699994718361
0.570699994718361
0.570699994718361
0.570699994718361
-0.570699992150277
-0.570699992150277
-0.570699992150277
-0.570699992150277
-0.570699992150277
-0.570699992150277
-0.570699992150277
-0.570699992150277
-0.570699992150277
-0.570699992150277
-0.570699992150277
-0.570699992150277
-0.570699992150277
-0.570699992150277
-0.570699992150277
-0.570699992517982
-0.570699992517982
-0.570699992517982
-0.570699992517982
-0.570699992517982
-0.570699992517982
-0.570699992517982
-0.570699992517982
-0.570699992517982
-0.570699992517982
-0.570699992517982
-0.570699992517982
-0.570699992517982
-0.570699992517982
-0.570699992517982
-0.033964766786584
-0.033964766786584
-0.033964766786584
-0.033964766786584
-0.033964766786584
-0.033964766786584
-0.033964766786584
-0.033964766786584
-0.033964766786584
-0.033964766786584
-0.033964766786584
-0.033964766786584
-0.033964766786584
-0.033964766786584
-0.033964766786584
-0.015033198967124
-0.015033198967124
-0.015033198967124
-0.015033198967124
-0.015033198967124
-0.015033198967124
-0.015033198967124
-0.015033198967124
-0.015033198967124
-0.015033198967124
-0.015033198967124
-0.015033198967124
-0.015033198967124
-0.015033198967124
-0.015033198967124
0.000819626682035
0.000819626682035
0.000819626682035
0.000819626682035
0.000819626682035
0.000819626682035
0.000819626682035
0.000819626682035
0.000819626682035
0.000819626682035
0.000819626682035
0.000819626682035
0.000819626682035
0.000819626682035
0.000819626682035
-0.013703374654067
-0.013703374654067
-0.013703374654067
-0.013703374654067
-0.013703374654067
-0.013703374654067
-0.013703374654067
-0.013703374654067
-0.013703374654067
-0.013703374654067
-0.013703374654067
-0.013703374654067
-0.013703374654067
-0.013703374654067
-0.013703374654067
-0.000277655366754
-0.000277655366754
-0.000277655366754
-0.000277655366754
-0.000277655366754
-0.000277655366754
-0.000277655366754
-0.000277655366754
-0.000277655366754
-0.000277655366754
-0.000277655366754
-0.000277655366754
-0.000277655366754
-0.000277655366754
-0.000277655366754
0.002773505393489
0.002773505393489
0.002773505393489
0.002773505393489
0.002773505393489
0.002773505393489
0.002773505393489
0.002773505393489
0.002773505393489
0.002773505393489
0.002773505393489
0.002773505393489
0.002773505393489
0.002773505393489
0.002773505393489
-0.015033198878467
-0.015033198878467
-0.015033198878467
-0.015033198878467
-0.015033198878467
-0.015033198878467
-0.015033198878467
-0.015033198878467
-0.015033198878467
-0.015033198878467
-0.015033198878467
-0.015033198878467
-0.015033198878467
-0.015033198878467
-0.015033198878467
-0.015033198880698
-0.015033198880698
-0.015033198880698
-0.015033198880698
-0.015033198880698
-0.015033198880698
-0.015033198880698
-0.015033198880698
-0.015033198880698
-0.015033198880698
-0.015033198880698
-0.015033198880698
-0.015033198880698
-0.015033198880698
-0.015033198880698
-0.015033198869542
-0.015033198869542
-0.015033198869542
-0.015033198869542
-0.015033198869542
-0.015033198869542
-0.015033198869542
-0.015033198869542
-0.015033198869542
-0.015033198869542
-0.015033198869542
-0.015033198869542
-0.015033198869542
-0.015033198869542
-0.015033198869542
-0.015033198872703
-0.015033198872703
-0.015033198872703
-0.015033198872703
-0.015033198872703
-0.015033198872703
-0.015033198872703
-0.015033198872703
-0.015033198872703
-0.015033198872703
-0.015033198872703
-0.015033198872703
-0.015033198872703
-0.015033198872703
-0.015033198872703
-0.015033198866849
-0.015033198866849
-0.015033198866849
-0.015033198866849
-0.015033198866849
-0.015033198866849
-0.015033198866849
-0.015033198866849
-0.015033198866849
-0.015033198866849
-0.015033198866849
-0.015033198866849
-0.015033198866849
-0.015033198866849
-0.015033198866849
-0.015033198953611
-0.015033198953611
-0.015033198953611
-0.015033198953611
-0.015033198953611
-0.015033198953611
-0.015033198953611
-0.015033198953611
-0.015033198953611
-0.015033198953611
-0.015033198953611
-0.015033198953611
-0.015033198953611
-0.015033198953611
-0.015033198953611
-0.015033198962749
-0.015033198962749
-0.015033198962749
-0.015033198962749
-0.015033198962749
-0.015033198962749
-0.015033198962749
-0.015033198962749
-0.015033198962749
-0.015033198962749
-0.015033198962749
-0.015033198962749
-0.015033198962749
-0.015033198962749
-0.015033198962749
0.004590161664299
0.004590161664299
0.004590161664299
0.004590161664299
0.004590161664299
0.004590161664299
0.004590161664299
0.004590161664299
0.004590161664299
0.004590161664299
0.004590161664299
0.004590161664299
0.004590161664299
0.004590161664299
0.004590161664299
-0.014574997297261
-0.014574997297261
-0.014574997297261
-0.014574997297261
-0.014574997297261
-0.014574997297261
-0.014574997297261
-0.014574997297261
-0.014574997297261
-0.014574997297261
-0.014574997297261
-0.014574997297261
-0.014574997297261
-0.014574997297261
-0.014574997297261
-0.015033198860705
-0.015033198860705
-0.015033198860705
-0.015033198860705
-0.015033198860705
-0.015033198860705
-0.015033198860705
-0.015033198860705
-0.015033198860705
-0.015033198860705
-0.015033198860705
-0.015033198860705
-0.015033198860705
-0.015033198860705
-0.015033198860705
-0.015033198912287
-0.015033198912287
-0.015033198912287
-0.015033198912287
-0.015033198912287
-0.015033198912287
-0.015033198912287
-0.015033198912287
-0.015033198912287
-0.015033198912287
-0.015033198912287
-0.015033198912287
-0.015033198912287
-0.015033198912287
-0.015033198912287
-0.015033198902760
-0.015033198902760
-0.015033198902760
-0.015033198902760
-0.015033198902760
-0.015033198902760
-0.015033198902760
-0.015033198902760
-0.015033198902760
-0.015033198902760
-0.015033198902760
-0.015033198902760
-0.015033198902760
-0.015033198902760
-0.015033198902760
-0.015033198891459
-0.015033198891459
-0.015033198891459
-0.015033198891459
-0.015033198891459
-0.015033198891459
-0.015033198891459
-0.015033198891459
-0.015033198891459
-0.015033198891459
-0.015033198891459
-0.015033198891459
-0.015033198891459
-0.015033198891459
-0.015033198891459
-0.015033198883971
-0.015033198883971
-0.015033198883971
-0.015033198883971
-0.015033198883971
-0.015033198883971
-0.015033198883971
-0.015033198883971
-0.015033198883971
-0.015033198883971
-0.015033198883971
-0.015033198883971
-0.015033198883971
-0.015033198883971
-0.015033198883971
-0.015033198876690
-0.015033198876690
-0.015033198876690
-0.015033198876690
-0.015033198876690
-0.015033198876690
-0.015033198876690
-0.015033198876690
-0.015033198876690
-0.015033198876690
-0.015033198876690
-0.015033198876690
-0.015033198876690
-0.015033198876690
-0.015033198876690
-0.003890347426712
-0.003890347426712
-0.003890347426712
-0.003890347426712
-0.003890347426712
-0.003890347426712
-0.003890347426712
-0.003890347426712
-0.003890347426712
-0.003890347426712
-0.003890347426712
-0.003890347426712
-0.003890347426712
-0.003890347426712
-0.003890347426712
-0.038167344022397
-0.038167344022397
-0.038167344022397
-0.038167344022397
-0.038167344022397
-0.038167344022397
-0.038167344022397
-0.038167344022397
-0.038167344022397
-0.038167344022397
-0.038167344022397
-0.038167344022397
-0.038167344022397
-0.038167344022397
-0.038167344022397
0.021476711700906
0.021476711700906
0.021476711700906
0.021476711700906
0.021476711700906
0.021476711700906
0.021476711700906
0.021476711700906
0.021476711700906
0.021476711700906
0.021476711700906
0.021476711700906
0.021476711700906
0.021476711700906
0.021476711700906
-0.038167344038163
-0.038167344038163
-0.038167344038163
-0.038167344038163
-0.038167344038163
-0.038167344038163
-0.038167344038163
-0.038167344038163
-0.038167344038163
-0.038167344038163
-0.038167344038163
-0.038167344038163
-0.038167344038163
-0.038167344038163
-0.038167344038163
0.022230263207471
0.022230263207471
0.022230263207471
0.022230263207471
0.022230263207471
0.022230263207471
0.022230263207471
0.022230263207471
0.022230263207471
0.022230263207471
0.022230263207471
0.022230263207471
0.022230263207471
0.022230263207471
0.022230263207471
-0.038167343955775
-0.038167343955775
-0.038167343955775
-0.038167343955775
-0.038167343955775
-0.038167343955775
-0.038167343955775
-0.038167343955775
-0.038167343955775
-0.038167343955775
-0.038167343955775
-0.038167343955775
-0.038167343955775
-0.038167343955775
-0.038167343955775
-0.038167343960326
-0.038167343960326
-0.038167343960326
-0.038167343960326
-0.038167343960326
-0.038167343960326
-0.038167343960326
-0.038167343960326
-0.038167343960326
-0.038167343960326
-0.038167343960326
-0.038167343960326
-0.038167343960326
-0.038167343960326
-0.038167343960326
-0.038167343942615
-0.038167343942615
-0.038167343942615
-0.038167343942615
-0.038167343942615
-0.038167343942615
-0.038167343942615
-0.038167343942615
-0.038167343942615
-0.038167343942615
-0.038167343942615
-0.038167343942615
-0.038167343942615
-0.038167343942615
-0.038167343942615
-0.038167343926880
-0.038167343926880
-0.038167343926880
-0.038167343926880
-0.038167343926880
-0.038167343926880
-0.038167343926880
-0.038167343926880
-0.038167343926880
-0.038167343926880
-0.038167343926880
-0.038167343926880
-0.038167343926880
-0.038167343926880
-0.038167343926880
-0.038167343896345
-0.038167343896345
-0.038167343896345
-0.038167343896345
-0.038167343896345
-0.038167343896345
-0.038167343896345
-0.038167343896345
-0.038167343896345
-0.038167343896345
-0.038167343896345
-0.038167343896345
-0.038167343896345
-0.038167343896345
-0.038167343896345
-0.038167343881173
-0.038167343881173
-0.038167343881173
-0.038167343881173
-0.038167343881173
-0.038167343881173
-0.038167343881173
-0.038167343881173
-0.038167343881173
-0.038167343881173
-0.038167343881173
-0.038167343881173
-0.038167343881173
-0.038167343881173
-0.038167343881173
-0.013743754884436
-0.013743754884436
-0.013743754884436
-0.013743754884436
-0.013743754884436
-0.013743754884436
-0.013743754884436
-0.013743754884436
-0.013743754884436
-0.013743754884436
-0.013743754884436
-0.013743754884436
-0.013743754884436
-0.013743754884436
-0.013743754884436
0.012862496458508
0.012862496458508
0.012862496458508
0.012862496458508
0.012862496458508
0.012862496458508
0.012862496458508
0.012862496458508
0.012862496458508
0.012862496458508
0.012862496458508
0.012862496458508
0.012862496458508
0.012862496458508
0.012862496458508
-0.038167344039288
-0.038167344039288
-0.038167344039288
-0.038167344039288
-0.038167344039288
-0.038167344039288
-0.038167344039288
-0.038167344039288
-0.038167344039288
-0.038167344039288
-0.038167344039288
-0.038167344039288
-0.038167344039288
-0.038167344039288
-0.038167344039288
0.008189171862775
0.008189171862775
0.008189171862775
0.008189171862775
0.008189171862775
0.008189171862775
0.008189171862775
0.008189171862775
0.008189171862775
0.008189171862775
0.008189171862775
0.008189171862775
0.008189171862775
0.008189171862775
0.008189171862775
0.038167344003359
0.038167344003359
0.038167344003359
0.038167344003359
0.038167344003359
0.038167344003359
0.038167344003359
0.038167344003359
0.038167344003359
0.038167344003359
0.038167344003359
0.038167344003359
0.038167344003359
0.038167344003359
0.038167344003359
-0.022121316411676
-0.022121316411676
-0.022121316411676
-0.022121316411676
-0.022121316411676
-0.022121316411676
-0.022121316411676
-0.022121316411676
-0.022121316411676
-0.022121316411676
-0.022121316411676
-0.022121316411676
-0.022121316411676
-0.022121316411676
-0.022121316411676
-0.038167343820794
-0.038167343820794
-0.038167343820794
-0.038167343820794
-0.038167343820794
-0.038167343820794
-0.038167343820794
-0.038167343820794
-0.038167343820794
-0.038167343820794
-0.038167343820794
-0.038167343820794
-0.038167343820794
-0.038167343820794
-0.038167343820794
-0.038167343810697
-0.038167343810697
-0.038167343810697
-0.038167343810697
-0.038167343810697
-0.038167343810697
-0.038167343810697
-0.038167343810697
-0.038167343810697
-0.038167343810697
-0.038167343810697
-0.038167343810697
-0.038167343810697
-0.038167343810697
-0.038167343810697
-0.038167343827577
-0.038167343827577
-0.038167343827577
-0.038167343827577
-0.038167343827577
-0.038167343827577
-0.038167343827577
-0.038167343827577
-0.038167343827577
-0.038167343827577
-0.038167343827577
-0.038167343827577
-0.038167343827577
-0.038167343827577
-0.038167343827577
-0.038167343822204
-0.038167343822204
-0.038167343822204
-0.038167343822204
-0.038167343822204
-0.038167343822204
-0.038167343822204
-0.038167343822204
-0.038167343822204
-0.038167343822204
-0.038167343822204
-0.038167343822204
-0.038167343822204
-0.038167343822204
-0.038167343822204
-0.003111407399589
-0.003111407399589
-0.003111407399589
-0.003111407399589
-0.003111407399589
-0.003111407399589
-0.003111407399589
-0.003111407399589
-0.003111407399589
-0.003111407399589
-0.003111407399589
-0.003111407399589
-0.003111407399589
-0.003111407399589
-0.003111407399589
-0.034803805931465
-0.034803805931465
-0.034803805931465
-0.034803805931465
-0.034803805931465
-0.034803805931465
-0.034803805931465
-0.034803805931465
-0.034803805931465
-0.034803805931465
-0.034803805931465
-0.034803805931465
-0.034803805931465
-0.034803805931465
-0.034803805931465
-0.011858653733786
-0.011858653733786
-0.011858653733786
-0.011858653733786
-0.011858653733786
-0.011858653733786
-0.011858653733786
-0.011858653733786
-0.011858653733786
-0.011858653733786
-0.011858653733786
-0.011858653733786
-0.011858653733786
-0.011858653733786
-0.011858653733786
0.021700329175360
0.021700329175360
0.021700329175360
0.021700329175360
0.021700329175360
0.021700329175360
0.021700329175360
0.021700329175360
0.021700329175360
0.021700329175360
0.021700329175360
0.021700329175360
0.021700329175360
0.021700329175360
0.021700329175360
-0.011899758207440
-0.011899758207440
-0.011899758207440
-0.011899758207440
-0.011899758207440
-0.011899758207440
-0.011899758207440
-0.011899758207440
-0.011899758207440
-0.011899758207440
-0.011899758207440
-0.011899758207440
-0.011899758207440
-0.011899758207440
-0.011899758207440
-0.025649717406708
-0.025649717406708
-0.025649717406708
-0.025649717406708
-0.025649717406708
-0.025649717406708
-0.025649717406708
-0.025649717406708
-0.025649717406708
-0.025649717406708
-0.025649717406708
-0.025649717406708
-0.025649717406708
-0.025649717406708
-0.025649717406708
-0.034803805831174
-0.034803805831174
-0.034803805831174
-0.034803805831174
-0.034803805831174
-0.034803805831174
-0.034803805831174
-0.034803805831174
-0.034803805831174
-0.034803805831174
-0.034803805831174
-0.034803805831174
-0.034803805831174
-0.034803805831174
-0.034803805831174
-0.034803805823009
-0.034803805823009
-0.034803805823009
-0.034803805823009
-0.034803805823009
-0.034803805823009
-0.034803805823009
-0.034803805823009
-0.034803805823009
-0.034803805823009
-0.034803805823009
-0.034803805823009
-0.034803805823009
-0.034803805823009
-0.034803805823009
-0.034803805822379
-0.034803805822379
-0.034803805822379
-0.034803805822379
-0.034803805822379
-0.034803805822379
-0.034803805822379
-0.034803805822379
-0.034803805822379
-0.034803805822379
-0.034803805822379
-0.034803805822379
-0.034803805822379
-0.034803805822379
-0.034803805822379
-0.034803805795164
-0.034803805795164
-0.034803805795164
-0.034803805795164
-0.034803805795164
-0.034803805795164
-0.034803805795164
-0.034803805795164
-0.034803805795164
-0.034803805795164
-0.034803805795164
-0.034803805795164
-0.034803805795164
-0.034803805795164
-0.034803805795164
-0.034803805779179
-0.034803805779179
-0.034803805779179
-0.034803805779179
-0.034803805779179
-0.034803805779179
-0.034803805779179
-0.034803805779179
-0.034803805779179
-0.034803805779179
-0.034803805779179
-0.034803805779179
-0.034803805779179
-0.034803805779179
-0.034803805779179
0.034803805906684
0.034803805906684
0.034803805906684
0.034803805906684
0.034803805906684
0.034803805906684
0.034803805906684
0.034803805906684
0.034803805906684
0.034803805906684
0.034803805906684
0.034803805906684
0.034803805906684
0.034803805906684
0.034803805906684
0.026251952070898
0.026251952070898
0.026251952070898
0.026251952070898
0.026251952070898
0.026251952070898
0.026251952070898
0.026251952070898
0.026251952070898
0.026251952070898
0.026251952070898
0.026251952070898
0.026251952070898
0.026251952070898
0.026251952070898
-0.034803805936287
-0.034803805936287
-0.034803805936287
-0.034803805936287
-0.034803805936287
-0.034803805936287
-0.034803805936287
-0.034803805936287
-0.034803805936287
-0.034803805936287
-0.034803805936287
-0.034803805936287
-0.034803805936287
-0.034803805936287
-0.034803805936287
0.025656925978596
0.025656925978596
0.025656925978596
0.025656925978596
0.025656925978596
0.025656925978596
0.025656925978596
0.025656925978596
0.025656925978596
0.025656925978596
0.025656925978596
0.025656925978596
0.025656925978596
0.025656925978596
0.025656925978596
0.034803805931653
0.034803805931653
0.034803805931653
0.034803805931653
0.034803805931653
0.034803805931653
0.034803805931653
0.034803805931653
0.034803805931653
0.034803805931653
0.034803805931653
0.034803805931653
0.034803805931653
0.034803805931653
0.034803805931653
0.034803805921249
0.034803805921249
0.034803805921249
0.034803805921249
0.034803805921249
0.034803805921249
0.034803805921249
0.034803805921249
0.034803805921249
0.034803805921249
0.034803805921249
0.034803805921249
0.034803805921249
0.034803805921249
0.034803805921249
0.034803805852247
0.034803805852247
0.034803805852247
0.034803805852247
0.034803805852247
0.034803805852247
0.034803805852247
0.034803805852247
0.034803805852247
0.034803805852247
0.034803805852247
0.034803805852247
0.034803805852247
0.034803805852247
0.034803805852247
0.034803805635802
0.034803805635802
0.034803805635802
0.034803805635802
0.034803805635802
0.034803805635802
0.034803805635802
0.034803805635802
0.034803805635802
0.034803805635802
0.034803805635802
0.034803805635802
0.034803805635802
0.034803805635802
0.034803805635802
-0.034803803754644
-0.034803803754644
-0.034803803754644
-0.034803803754644
-0.034803803754644
-0.034803803754644
-0.034803803754644
-0.034803803754644
-0.034803803754644
-0.034803803754644
-0.034803803754644
-0.034803803754644
-0.034803803754644
-0.034803803754644
-0.034803803754644
-0.034803805376809
-0.034803805376809
-0.034803805376809
-0.034803805376809
-0.034803805376809
-0.034803805376809
-0.034803805376809
-0.034803805376809
-0.034803805376809
-0.034803805376809
-0.034803805376809
-0.034803805376809
-0.034803805376809
-0.034803805376809
-0.034803805376809
0.000519961091902
0.000519961091902
0.000519961091902
0.000519961091902
0.000519961091902
0.000519961091902
0.000519961091902
0.000519961091902
0.000519961091902
0.000519961091902
0.000519961091902
0.000519961091902
0.000519961091902
0.000519961091902
0.000519961091902
0.088383183765789
0.088383183765789
0.088383183765789
0.088383183765789
0.088383183765789
0.088383183765789
0.088383183765789
0.088383183765789
0.088383183765789
0.088383183765789
0.088383183765789
0.088383183765789
0.088383183765789
0.088383183765789
0.088383183765789
0.006345017391698
0.006345017391698
0.006345017391698
0.006345017391698
0.006345017391698
0.006345017391698
0.006345017391698
0.006345017391698
0.006345017391698
0.006345017391698
0.006345017391698
0.006345017391698
0.006345017391698
0.006345017391698
0.006345017391698
0.027287451797200
0.027287451797200
0.027287451797200
0.027287451797200
0.027287451797200
0.027287451797200
0.027287451797200
0.027287451797200
0.027287451797200
0.027287451797200
0.027287451797200
0.027287451797200
0.027287451797200
0.027287451797200
0.027287451797200
0.050891083123847
0.050891083123847
0.050891083123847
0.050891083123847
0.050891083123847
0.050891083123847
0.050891083123847
0.050891083123847
0.050891083123847
0.050891083123847
0.050891083123847
0.050891083123847
0.050891083123847
0.050891083123847
0.050891083123847
-0.088383183783527
-0.088383183783527
-0.088383183783527
-0.088383183783527
-0.088383183783527
-0.088383183783527
-0.088383183783527
-0.088383183783527
-0.088383183783527
-0.088383183783527
-0.088383183783527
-0.088383183783527
-0.088383183783527
-0.088383183783527
-0.088383183783527
-0.088383183788008
-0.088383183788008
-0.088383183788008
-0.088383183788008
-0.088383183788008
-0.088383183788008
-0.088383183788008
-0.088383183788008
-0.088383183788008
-0.088383183788008
-0.088383183788008
-0.088383183788008
-0.088383183788008
-0.088383183788008
-0.088383183788008
-0.088383183785411
-0.088383183785411
-0.088383183785411
-0.088383183785411
-0.088383183785411
-0.088383183785411
-0.088383183785411
-0.088383183785411
-0.088383183785411
-0.088383183785411
-0.088383183785411
-0.088383183785411
-0.088383183785411
-0.088383183785411
-0.088383183785411
-0.088383183765155
-0.088383183765155
-0.088383183765155
-0.088383183765155
-0.088383183765155
-0.088383183765155
-0.088383183765155
-0.088383183765155
-0.088383183765155
-0.088383183765155
-0.088383183765155
-0.088383183765155
-0.088383183765155
-0.088383183765155
-0.088383183765155
-0.088383183768434
-0.088383183768434
-0.088383183768434
-0.088383183768434
-0.088383183768434
-0.088383183768434
-0.088383183768434
-0.088383183768434
-0.088383183768434
-0.088383183768434
-0.088383183768434
-0.088383183768434
-0.088383183768434
-0.088383183768434
-0.088383183768434
-0.088383183786988
-0.088383183786988
-0.088383183786988
-0.088383183786988
-0.088383183786988
-0.088383183786988
-0.088383183786988
-0.088383183786988
-0.088383183786988
-0.088383183786988
-0.088383183786988
-0.088383183786988
-0.088383183786988
-0.088383183786988
-0.088383183786988
0.088383183793019
0.088383183793019
0.088383183793019
0.088383183793019
0.088383183793019
0.088383183793019
0.088383183793019
0.088383183793019
0.088383183793019
0.088383183793019
0.088383183793019
0.088383183793019
0.088383183793019
0.088383183793019
0.088383183793019
0.024430851955510
0.024430851955510
0.024430851955510
0.024430851955510
0.024430851955510
0.024430851955510
0.024430851955510
0.024430851955510
0.024430851955510
0.024430851955510
0.024430851955510
0.024430851955510
0.024430851955510
0.024430851955510
0.024430851955510
0.007043094207046
0.007043094207046
0.007043094207046
0.007043094207046
0.007043094207046
0.007043094207046
0.007043094207046
0.007043094207046
0.007043094207046
0.007043094207046
0.007043094207046
0.007043094207046
0.007043094207046
0.007043094207046
0.007043094207046
0.087124307137535
0.087124307137535
0.087124307137535
0.087124307137535
0.087124307137535
0.087124307137535
0.087124307137535
0.087124307137535
0.087124307137535
0.087124307137535
0.087124307137535
0.087124307137535
0.087124307137535
0.087124307137535
0.087124307137535
-0.088383183795120
-0.088383183795120
-0.088383183795120
-0.088383183795120
-0.088383183795120
-0.088383183795120
-0.088383183795120
-0.088383183795120
-0.088383183795120
-0.088383183795120
-0.088383183795120
-0.088383183795120
-0.088383183795120
-0.088383183795120
-0.088383183795120
-0.088383183795414
-0.088383183795414
-0.088383183795414
-0.088383183795414
-0.088383183795414
-0.088383183795414
-0.088383183795414
-0.088383183795414
-0.088383183795414
-0.088383183795414
-0.088383183795414
-0.088383183795414
-0.088383183795414
-0.088383183795414
-0.088383183795414
-0.088383183783801
-0.088383183783801
-0.088383183783801
-0.088383183783801
-0.088383183783801
-0.088383183783801
-0.088383183783801
-0.088383183783801
-0.088383183783801
-0.088383183783801
-0.088383183783801
-0.088383183783801
-0.088383183783801
-0.088383183783801
-0.088383183783801
-0.088383183766450
-0.088383183766450
-0.088383183766450
-0.088383183766450
-0.088383183766450
-0.088383183766450
-0.088383183766450
-0.088383183766450
-0.088383183766450
-0.088383183766450
-0.088383183766450
-0.088383183766450
-0.088383183766450
-0.088383183766450
-0.088383183766450
-0.088383183785057
-0.088383183785057
-0.088383183785057
-0.088383183785057
-0.088383183785057
-0.088383183785057
-0.088383183785057
-0.088383183785057
-0.088383183785057
-0.088383183785057
-0.088383183785057
-0.088383183785057
-0.088383183785057
-0.088383183785057
-0.088383183785057
-0.088383183795454
-0.088383183795454
-0.088383183795454
-0.088383183795454
-0.088383183795454
-0.088383183795454
-0.088383183795454
-0.088383183795454
-0.088383183795454
-0.088383183795454
-0.088383183795454
-0.088383183795454
-0.088383183795454
-0.088383183795454
-0.088383183795454
0.008182060706977
0.008182060706977
0.008182060706977
0.008182060706977
0.008182060706977
0.008182060706977
0.008182060706977
0.008182060706977
0.008182060706977
0.008182060706977
0.008182060706977
0.008182060706977
0.008182060706977
0.008182060706977
0.008182060706977
-0.010110611972249
-0.010110611972249
-0.010110611972249
-0.010110611972249
-0.010110611972249
-0.010110611972249
-0.010110611972249
-0.010110611972249
-0.010110611972249
-0.010110611972249
-0.010110611972249
-0.010110611972249
-0.010110611972249
-0.010110611972249
-0.010110611972249
-0.006855209359242
-0.006855209359242
-0.006855209359242
-0.006855209359242
-0.006855209359242
-0.006855209359242
-0.006855209359242
-0.006855209359242
-0.006855209359242
-0.006855209359242
-0.006855209359242
-0.006855209359242
-0.006855209359242
-0.006855209359242
-0.006855209359242
-0.000382247882420
-0.000382247882420
-0.000382247882420
-0.000382247882420
-0.000382247882420
-0.000382247882420
-0.000382247882420
-0.000382247882420
-0.000382247882420
-0.000382247882420
-0.000382247882420
-0.000382247882420
-0.000382247882420
-0.000382247882420
-0.000382247882420
0.004450529036394
0.004450529036394
0.004450529036394
0.004450529036394
0.004450529036394
0.004450529036394
0.004450529036394
0.004450529036394
0.004450529036394
0.004450529036394
0.004450529036394
0.004450529036394
0.004450529036394
0.004450529036394
0.004450529036394
0.010110611856634
0.010110611856634
0.010110611856634
0.010110611856634
0.010110611856634
0.010110611856634
0.010110611856634
0.010110611856634
0.010110611856634
0.010110611856634
0.010110611856634
0.010110611856634
0.010110611856634
0.010110611856634
0.010110611856634
0.010110611055981
0.010110611055981
0.010110611055981
0.010110611055981
0.010110611055981
0.010110611055981
0.010110611055981
0.010110611055981
0.010110611055981
0.010110611055981
0.010110611055981
0.010110611055981
0.010110611055981
0.010110611055981
0.010110611055981
0.010110609630314
0.010110609630314
0.010110609630314
0.010110609630314
0.010110609630314
0.010110609630314
0.010110609630314
0.010110609630314
0.010110609630314
0.010110609630314
0.010110609630314
0.010110609630314
0.010110609630314
0.010110609630314
0.010110609630314
0.010110609633278
0.010110609633278
0.010110609633278
0.010110609633278
0.010110609633278
0.010110609633278
0.010110609633278
0.010110609633278
0.010110609633278
0.010110609633278
0.010110609633278
0.010110609633278
0.010110609633278
0.010110609633278
0.010110609633278
0.010110578785347
0.010110578785347
0.010110578785347
0.010110578785347
0.010110578785347
0.010110578785347
0.010110578785347
0.010110578785347
0.010110578785347
0.010110578785347
0.010110578785347
0.010110578785347
0.010110578785347
0.010110578785347
0.010110578785347
0.010110598149426
0.010110598149426
0.010110598149426
0.010110598149426
0.010110598149426
0.010110598149426
0.010110598149426
0.010110598149426
0.010110598149426
0.010110598149426
0.010110598149426
0.010110598149426
0.010110598149426
0.010110598149426
0.010110598149426
0.001663646058699
0.001663646058699
0.001663646058699
0.001663646058699
0.001663646058699
0.001663646058699
0.001663646058699
0.001663646058699
0.001663646058699
0.001663646058699
0.001663646058699
0.001663646058699
0.001663646058699
0.001663646058699
0.001663646058699
0.010110612109868
0.010110612109868
0.010110612109868
0.010110612109868
0.010110612109868
0.010110612109868
0.010110612109868
0.010110612109868
0.010110612109868
0.010110612109868
0.010110612109868
0.010110612109868
0.010110612109868
0.010110612109868
0.010110612109868
-0.001400485284768
-0.001400485284768
-0.001400485284768
-0.001400485284768
-0.001400485284768
-0.001400485284768
-0.001400485284768
-0.001400485284768
-0.001400485284768
-0.001400485284768
-0.001400485284768
-0.001400485284768
-0.001400485284768
-0.001400485284768
-0.001400485284768
-0.010110612095370
-0.010110612095370
-0.010110612095370
-0.010110612095370
-0.010110612095370
-0.010110612095370
-0.010110612095370
-0.010110612095370
-0.010110612095370
-0.010110612095370
-0.010110612095370
-0.010110612095370
-0.010110612095370
-0.010110612095370
-0.010110612095370
-0.010110611491583
-0.010110611491583
-0.010110611491583
-0.010110611491583
-0.010110611491583
-0.010110611491583
-0.010110611491583
-0.010110611491583
-0.010110611491583
-0.010110611491583
-0.010110611491583
-0.010110611491583
-0.010110611491583
-0.010110611491583
-0.010110611491583
0.007125084603380
0.007125084603380
0.007125084603380
0.007125084603380
0.007125084603380
0.007125084603380
0.007125084603380
0.007125084603380
0.007125084603380
0.007125084603380
0.007125084603380
0.007125084603380
0.007125084603380
0.007125084603380
0.007125084603380
-0.010110591758624
-0.010110591758624
-0.010110591758624
-0.010110591758624
-0.010110591758624
-0.010110591758624
-0.010110591758624
-0.010110591758624
-0.010110591758624
-0.010110591758624
-0.010110591758624
-0.010110591758624
-0.010110591758624
-0.010110591758624
-0.010110591758624
0.010110608343786
0.010110608343786
0.010110608343786
0.010110608343786
0.010110608343786
0.010110608343786
0.010110608343786
0.010110608343786
0.010110608343786
0.010110608343786
0.010110608343786
0.010110608343786
0.010110608343786
0.010110608343786
0.010110608343786
-0.010110603223928
-0.010110603223928
-0.010110603223928
-0.010110603223928
-0.010110603223928
-0.010110603223928
-0.010110603223928
-0.010110603223928
-0.010110603223928
-0.010110603223928
-0.010110603223928
-0.010110603223928
-0.010110603223928
-0.010110603223928
-0.010110603223928
-0.010110601843776
-0.010110601843776
-0.010110601843776
-0.010110601843776
-0.010110601843776
-0.010110601843776
-0.010110601843776
-0.010110601843776
-0.010110601843776
-0.010110601843776
-0.010110601843776
-0.010110601843776
-0.010110601843776
-0.010110601843776
-0.010110601843776
-0.000215471536150
-0.000215471536150
-0.000215471536150
-0.000215471536150
-0.000215471536150
-0.000215471536150
-0.000215471536150
-0.000215471536150
-0.000215471536150
-0.000215471536150
-0.000215471536150
-0.000215471536150
-0.000215471536150
-0.000215471536150
-0.000215471536150
