-0.008905763390415714
-0.036123102832554356
-0.1525974014815889
-0.045943416405467695
0.396422386032972
-1.0579142109871322
-0.2707275701631179
-0.016645223652434805
0.025092484520088176
0.02671404297366494
0.10995986200875041
0.2166826014618174
0.2693711280516059
0.008393118114022586
-0.6522947010933388
1.121313161712761
0.690308153736507
0.31605864316591686
0.21825275990807275
0.12745222264463799
-0.0037952022576213623
0.13591772778856168
0.24699956613101853
0.2659214386141143
0.36471965420634217
0.4052164759518117
0.1305841170748377
0.2958560711855548
0.26007491777202124
0.19733646966030857
0.13914977273029386
0.1714683153005485
0.3091561266841637
0.38245862958374915
0.5701465940449532
0.3576455334456144
0.7756777794631634
0.5643280319477293
0.3419989100342031
0.24803576166206795
0.16481775124552842
0.11545379254125979
1.2746770726777106
3.1573751125266996
4.978251507087688
-2.3129298988825533
-0.600116661622054
1.357864921178834
-2.0121468389802
-1.6075970865606908
-1.1211601050081912
-0.6480645756761568
1.1383091081228291
2.413278915433014
3.744053173422894
-3.2846050788407517
-0.3082109224260473
0.22670199831951426
-2.0611785744139315
-1.503404703635056
-1.12247289814525
-0.6675704007441354
-0.2545680984190808
-0.1997478635896804
-0.34207757622142043
-0.2659100468239283
-0.37856044249527826
-0.7898658588955252
0.7408018772355708
-0.20486240920579712
-0.37551342353394745
-0.3188504508521459
-0.23321840577105923
-0.35625093316156614
-0.6613477984777321
-0.8238209418832889
-0.990847305054781
-0.1707328815293646
-2.126881266160271
-1.4412422336841
-0.7885120760225227
-0.5622686843627578
-0.35913804908657065
-0.2937892689966319
1.2398547682487489
3.649638775888358
6.398494011882988
-4.622716773849014
-7.898728013596272
6.61267711542455
-2.3291196181360085
-2.833808512736247
-2.2244137773447212
-1.4494996464847894
0.7577415286048211
2.0190937555593593
3.565193802166952
-7.409740362255111
-7.854825319091721
-2.153580099819665
-5.113022574981231
-3.5726362710895967
-2.709937255069735
-1.716321112929618
-1.909680479433975
-0.1997478635896804
-0.34207757622142043
-0.2659100468239283
-0.37856044249527826
-0.7898658588955252
0.7408018772355708
-0.20486240920579712
-0.37551342353394745
-0.3188504508521459
-0.23321840577105923
-0.35625093316156614
-0.6613477984777321
-0.8238209418832889
-0.990847305054781
-0.1707328815293646
-2.126881266160271
-1.4412422336841
-0.7885120760225227
-0.5622686843627578
-0.35913804908657065
-0.2937892689966319
1.2398547682487489
3.649638775888358
6.398494011882988
-4.622716773849014
-7.898728013596272
6.61267711542455
-2.3291196181360085
-2.833808512736247
-2.2244137773447212
-1.4494996464847894
0.7577415286048211
2.0190937555593593
3.565193802166952
-7.409740362255111
-7.854825319091721
-2.153580099819665
-5.113022574981231
-3.5726362710895967
-2.709937255069735
-1.716321112929618
-1.909680479433975
1.2398547682487489
3.649638775888358
6.398494011882988
-4.622716773849014
-7.898728013596272
6.61267711542455
-2.3291196181360085
-2.833808512736247
-2.2244137773447212
-1.4494996464847894
0.7577415286048211
2.0190937555593593
3.565193802166952
-7.409740362255111
-7.854825319091721
-2.153580099819665
-5.113022574981231
-3.5726362710895967
-2.709937255069735
-1.716321112929618
-1.909680479433975
