0.12548999697539642
-6.283911971446168
-1.1097075776114813
9.142658661998626
-17.7130394963439
-0.06779871018145613
0.15169855514461864
1.2679014136283508
1.084789056928508
0.5777696492708861
3.6456178392844185
8.117557134212284
1.464900603716848
-14.601288937616902
21.99832688170683
5.980438164572202
3.7119297264320346
1.8560005318670225
1.5392830522518592
1.3201966322939074
-0.031249283320934573
6.9150550991212185
9.242024941346264
6.832876041704697
9.83788329837432
4.957717369754215
5.736970232668149
4.1740707147701785
3.6501913999488877
2.946586086013004
2.2490508671695477
7.949480102724052
14.581199261404674
12.355696314424977
8.511850346567122
18.668105813150415
7.54608455538862
5.134651866032048
3.7517541385010453
2.982737426608704
2.445687236525185
2.732081024721178
32.80099549416652
87.35599253779338
-77.25498088362293
2.962115690664849
1.1434976792239753
-23.342240512725102
-14.005866125660134
-6.482071145049966
-5.795987546510587
-5.472548672448244
26.027109348943096
46.346267916594684
-88.11111087906093
7.56429478575657
2.7532079297891903
-19.647596598192024
-12.608144963961987
-5.3753477539489785
-6.0578628806553505
-5.3036372788546595
-2.3019212558479847
-10.376587985136618
-6.723759509174181
-6.506334018016224
-19.006314991890825
9.383337762078266
-8.674148119623021
-6.520479679018766
-6.713053898041622
-5.494362976669112
-3.98119433611765
-15.428191891779221
-30.19704825302532
-23.22194912434004
-4.574457567807475
-48.154842764353
-17.034955570286872
-11.273095881258701
-7.462618455825254
-5.995884824129324
-4.9675219393891705
-7.0438151798871536
-3.457908513309414
62.00183648350831
-90.32451643773423
-159.63142999532766
80.69263876520975
-37.286111794494225
-28.045450799895942
-22.84187732075268
-19.93815516133665
-16.176072712322767
-19.052290710960506
-22.740462268412614
-143.42510662165552
-156.63852981025093
-71.67053191667506
-53.744674088484906
-36.510041333046104
-24.127676531357412
-21.282707911149174
-17.941349459555063
-38.457121004174276
-10.376587985136618
-6.723759509174181
-6.506334018016224
-19.006314991890825
9.383337762078266
-8.674148119623021
-6.520479679018766
-6.713053898041622
-5.494362976669112
-3.98119433611765
-15.428191891779221
-30.19704825302532
-23.22194912434004
-4.574457567807475
-48.154842764353
-17.034955570286872
-11.273095881258701
-7.462618455825254
-5.995884824129324
-4.9675219393891705
-7.0438151798871536
-3.457908513309414
62.00183648350831
-90.32451643773423
-159.63142999532766
80.69263876520975
-37.286111794494225
-28.045450799895942
-22.84187732075268
-19.93815516133665
-16.176072712322767
-19.052290710960506
-22.740462268412614
-143.42510662165552
-156.63852981025093
-71.67053191667506
-53.744674088484906
-36.510041333046104
-24.127676531357412
-21.282707911149174
-17.941349459555063
-38.457121004174276
-3.457908513309414
62.00183648350831
-90.32451643773423
-159.63142999532766
80.69263876520975
-37.286111794494225
-28.045450799895942
-22.84187732075268
-19.93815516133665
-16.176072712322767
-19.052290710960506
-22.740462268412614
-143.42510662165552
-156.63852981025093
-71.67053191667506
-53.744674088484906
-36.510041333046104
-24.127676531357412
-21.282707911149174
-17.941349459555063
-38.457121004174276
