1.256720059753729
1.256720059753729
0.013757236033530
0.013757236033530
-0.995032018116701
-0.995032018116701
0.000000000000000
1.119467482087261
1.119467482087261
1.431954868281833
1.431954868281833
1.431954867960539
1.431954867960539
1.431954868074659
1.431954868074659
1.431954866754141
1.431954866754141
1.431954866665217
1.431954866665217
-1.431954869202815
-1.431954869202815
-0.378390697620507
-0.378390697620507
1.431954869259237
1.431954869259237
-0.342300604263705
-0.342300604263708
-1.431954869189940
-1.431954869189940
-1.431954868683694
-1.431954868683694
-1.431954867941147
-1.431954867941147
-1.431954867208235
-1.431954867208235
-1.431954862085048
-1.431954856350969
-1.431954856350969
-0.026511029840312
-0.026511029840330
1.375534842668952
1.375534842668952
0.024237741644569
0.024237741644569
0.605817062230437
0.605817062230437
0.000000000000000
1.375534842876657
1.375534842876657
1.375534842804490
1.375534842804490
1.375534842763717
1.375534842763717
1.375534842706692
1.375534842706692
1.375534842575219
1.375534842575219
1.375534842429139
1.375534842429139
1.375534843000461
1.375534843000461
0.478831586200160
0.478831586200160
0.228746341187984
0.228746341187984
0.651309880244682
0.651309880244682
-0.598121538330284
-0.598121538330284
1.375534842500910
1.375534842500910
1.375534842445503
1.375534842445503
1.375534841693270
1.375534841693270
1.375534842108878
1.375534841824040
1.375534841824040
0.109317739440093
0.109317739440092
-6.894548960766525
-6.894548960766525
3.526187104339297
3.526187104339297
0.549489063566085
0.549489063566085
0.000000000000000
3.205832456613063
3.205832456613063
-6.894548959607061
-6.894548959607061
-6.894548959154205
-6.894548959154205
-6.894548959750098
-6.894548959750098
-6.894548958914860
-6.894548958914860
-6.894548958825247
-6.894548958825247
-6.894548960760700
-6.894548960760700
4.302391322961872
4.302391322961872
0.880725313569850
0.880725313569850
-1.409465940785387
-1.409465940785386
6.894548960573655
6.894548960573655
6.894548960162791
6.894548960162791
6.894548950570583
6.894548950570583
6.894548945991605
6.894548945991605
-6.894548959941281
-6.894548959741821
-6.894548959741821
0.311457343124000
0.311457343124069
-0.114250038642049
-0.114250038642049
0.007414201462435
0.007414201462435
-0.104202043403254
-0.104202043403254
0.000000000000000
0.006644545108250
0.006644545108250
-0.114250034845072
-0.114250034845072
-0.114250035245605
-0.114250035245605
-0.114250034297979
-0.114250034297979
-0.114250035591260
-0.114250035591260
-0.114250035235748
-0.114250035235748
-0.114250038990658
-0.114250038990658
-0.114250038865685
-0.114250038865685
0.035968706057027
0.035968706057027
-0.112618625972119
-0.112618625972119
-0.098855973920917
-0.098855973920916
-0.114250035757887
-0.114250035757887
-0.114250035320869
-0.114250035320869
-0.114250034190977
-0.114250034190977
-0.114250034450201
-0.114250034132953
-0.114250034132953
-0.029216183766469
-0.029216183766465
-0.166201766920592
-0.166201766920592
0.031873481462412
0.031873481462412
-0.316271530719933
-0.316271530719933
0.000000000000000
0.316271521798595
0.316271521798595
-0.316271525702616
-0.316271525702616
-0.316271525433937
-0.316271525433937
-0.316271525163147
-0.316271525163147
-0.316271523868485
-0.316271523868485
-0.316271523618897
-0.316271523618897
0.211115118996634
0.211115118996634
-0.077637774578553
-0.077637774578553
-0.316271529769885
-0.316271529769885
-0.055774945881074
-0.055774945881074
0.087009788059312
0.087009788059312
-0.316271525485715
-0.316271525485715
-0.316271525436612
-0.316271525436612
-0.316271525114438
-0.316271525114438
-0.316271524273768
-0.316271523958045
-0.316271523958045
-0.046202652786358
-0.046202652786360
-0.341062432594632
-0.341062432594632
-0.006587764599508
-0.006587764599508
0.212389446026188
0.212389446026188
0.000000000000000
-0.341062432596881
-0.341062432596881
-0.341062432579352
-0.341062432579352
-0.341062432567470
-0.341062432567470
-0.341062432546791
-0.341062432546791
-0.341062432535753
-0.341062432535753
-0.341062432513777
-0.341062432513777
0.105599048847651
0.105599048847651
0.341062432600701
0.341062432600701
-0.248265261108890
-0.248265261108890
0.314933458716183
0.314933458716183
0.341062432578665
0.341062432578665
0.341062432328881
0.341062432328881
-0.341062431913688
-0.341062431913688
0.184859907286548
0.184859907286548
-0.341062432439072
-0.341062432412176
-0.341062432412176
0.022768059905863
0.022768059905875
0.989834833340671
0.989834833340671
-0.343630845573651
-0.343630845573651
-0.063690738229210
-0.063690738229210
0.000000000000000
-0.855012385097720
-0.855012385097720
0.989834833282759
0.989834833282759
0.989834833249313
0.989834833249313
0.989834833111000
0.989834833111000
0.989834833241923
0.989834833241923
0.989834833224280
0.989834833224280
0.989834833388235
0.989834833388235
-0.404922523857538
-0.404922523857538
-0.104874451391422
-0.104874451391422
0.133523426934363
0.133523426934364
-0.989834833301424
-0.989834833301424
-0.989834833255162
-0.989834833255162
-0.989834832302924
-0.989834832302924
-0.989834832116578
-0.989834832116578
0.989834833089256
0.989834833068395
0.989834833068395
-0.032359826222021
-0.032359826222042
0.061680043396938
0.061680043396938
-0.093105305243726
-0.093105305243726
-0.010699828559632
-0.010699828559632
0.000000000000000
0.099125749359304
0.099125749359304
0.099125749192652
0.099125749192652
0.099125749025829
0.099125749025829
0.099125748841586
0.099125748841586
0.099125748487645
0.099125748487645
0.099125748241778
0.099125748241778
-0.099125749291264
-0.099125749291264
0.063317385332287
0.063317385332287
-0.033786106753313
-0.033786106753313
-0.099125749378050
-0.099125749378050
-0.099125748837585
-0.099125748837585
-0.005542400537915
-0.005542400537915
0.099125748374039
0.099125748374039
0.099125747409678
0.099125747409678
0.099125745473952
0.099125746062095
0.099125746062095
-0.007484243275705
-0.007484243275704
