-1.313868887647019
-1.313868887647019
1.071670859015580
1.071670859015580
-1.313868887725274
-1.313868887725274
0.866044609030132
0.866044609030132
1.313868887532732
1.313868887532732
-0.743987812403071
-0.743987812403071
-1.313868886563852
-1.313868886563852
-1.313868886252415
-1.313868886252415
-1.313868886999808
-1.313868886999808
-1.313868886985039
-1.313868886985039
-1.313868887710530
-1.313868887710530
0.410524339254526
0.410524339254526
1.313868887690321
1.313868887690321
0.250980048077833
0.250980048077833
-1.313868887688584
-1.313868887688584
-1.313868887626657
-1.313868887626657
-1.313868887573934
-1.313868887573934
-1.313868887506356
-1.313868887506356
-1.313868887358367
-1.313868887358367
-1.313868887267061
-1.313868887267061
0.045611679927486
0.045611679927495
0.000407390742413
0.000407390742907
0.775346398506820
0.775346398506820
0.278914321142264
0.278914321142264
0.233855086906734
0.233855086906734
0.246454388558747
0.246454388558747
0.775346398423944
0.775346398423944
0.775346398412753
0.775346398412753
0.775346398390805
0.775346398390805
0.775346398358702
0.775346398358702
0.775346398282916
0.775346398282916
0.775346398219496
0.775346398219496
0.775346398461965
0.775346398461965
0.775346398544371
0.775346398544371
-0.180717630044168
-0.180717630044168
0.600614373178712
0.600614373178712
0.775346398438269
0.775346398438269
0.775346398418977
0.775346398418977
0.775346398409263
0.775346398409263
0.775346398384628
0.775346398384628
0.775346398316188
0.775346398316188
0.775346398259636
0.775346398259636
0.075222652770302
0.075222652770302
0.000312706715971
0.000312706716027
-3.265883158970454
-3.265883158970454
1.014108618658993
1.014108618658993
2.461095088206843
2.461095088206843
-2.440847039248144
-2.440847039248144
3.265883158940887
3.265883158940887
3.265883158886258
3.265883158886258
3.265883158750482
3.265883158750482
3.265883158648716
3.265883158648716
3.265883158320048
3.265883158320048
3.265883158173772
3.265883158173772
-3.265883159014883
-3.265883159014883
1.213313728419811
1.213313728419811
3.265883159011186
3.265883159011186
-2.914632954113094
-2.914632954113094
3.265883158996270
3.265883158996270
3.265883158832163
3.265883158832163
3.265883158629806
3.265883158629806
3.265883158500162
3.265883158500162
3.265883157817655
3.265883157817655
3.265883157564879
3.265883157564879
0.276253692963547
0.276253692963546
-0.002186871194930
-0.002186871193423
-0.102952829043869
-0.102952829043869
0.028966619251992
0.028966619251992
-0.060186322598421
-0.060186322598421
0.029379363942173
0.029379363942173
-0.064760122991050
-0.064760122991050
-0.102952828914763
-0.102952828914763
-0.102952828929691
-0.102952828929691
-0.102952828911094
-0.102952828911094
-0.102952828915083
-0.102952828915083
-0.102952828904506
-0.102952828904506
-0.102952829060578
-0.102952829060578
-0.102952829068900
-0.102952829068900
0.102952829037281
0.102952829037281
-0.085493289413789
-0.085493289413789
-0.102952829054715
-0.102952829054715
-0.102952829000720
-0.102952829000720
-0.102952828974666
-0.102952828974666
-0.102952828955283
-0.102952828955283
-0.102952828932757
-0.102952828932757
-0.102952828919909
-0.102952828919909
-0.017573664889226
-0.017573664889226
-0.000029740261748
-0.000029740261703
0.095925673856739
0.095925673856739
0.026293892196859
0.026293892196859
-0.095925673881600
-0.095925673881600
0.052164028150228
0.052164028150228
-0.095925673840165
-0.095925673840165
-0.095925673836354
-0.095925673836354
-0.095925673571336
-0.095925673571336
-0.095925673209678
-0.095925673209678
-0.095925672924714
-0.095925672924714
-0.095925673331102
-0.095925673331102
0.095925673892058
0.095925673892058
-0.040443952755950
-0.040443952755950
-0.079702119855037
-0.079702119855037
0.059954298532573
0.059954298532573
-0.095925673893941
-0.095925673893941
-0.095925673814575
-0.095925673814575
-0.095925673550127
-0.095925673550127
-0.095925673259621
-0.095925673259621
-0.095925672944955
-0.095925672944955
-0.095925673364024
-0.095925673364024
-0.007991205136516
-0.007991205136516
-0.000158807172552
-0.000158807172544
0.070596395246749
0.070596395246749
-0.210798443763625
-0.210798443763625
0.210798444054541
0.210798444054541
-0.185284118693804
-0.185284118693804
-0.210798443269929
-0.210798443269929
-0.210798436865242
-0.210798436865242
0.195236136454390
0.195236136454390
-0.210798323784230
-0.210798323784230
0.210798431839995
0.210798431839995
0.210798432178517
0.210798432178517
0.210798443659616
0.210798443659616
0.095219394222000
0.095219394222000
-0.210798443978333
-0.210798443978333
0.120054165586409
0.120054165586409
0.210798443613496
0.210798443613496
0.210798442700191
0.210798442700191
0.210798441974319
0.210798441974319
0.210798441391335
0.210798441391335
0.210798440365469
0.210798440365469
0.210798439602936
0.210798439602936
-0.001966153968334
-0.001966153968323
-0.000065351885848
-0.000065351885603
0.492765239630074
0.492765239630074
-0.036657156705529
-0.036657156705529
-0.371667689273611
-0.371667689273611
0.251412363077559
0.251412363077559
-0.492765239636923
-0.492765239636923
-0.492765239625976
-0.492765239625976
-0.492765239607869
-0.492765239607869
-0.492765239587592
-0.492765239587592
-0.492765239508454
-0.492765239508454
-0.492765239517108
-0.492765239517108
0.492765239627779
0.492765239627779
-0.012298610079444
-0.012298610079444
-0.492765239633337
-0.492765239633337
0.267699096382433
0.267699096382433
-0.492765239630105
-0.492765239630105
-0.492765239616603
-0.492765239616603
-0.492765239579104
-0.492765239579104
-0.492765239553683
-0.492765239553683
-0.492765239555411
-0.492765239555411
-0.492765239598240
-0.492765239598240
-0.041763204321098
-0.041763204321101
0.000329924335957
0.000329924336062
-0.014491347726165
-0.014491347726165
-0.062948209963960
-0.062948209963960
0.061850561104313
0.061850561104313
0.030578780747971
0.030578780747971
0.063506802926735
0.063506802926735
0.063506801592197
0.063506801592197
0.063506800162083
0.063506800162083
0.063506800242100
0.063506800242100
0.063506794818975
0.063506794818975
0.063506795413128
0.063506795413128
0.063506803102966
0.063506803102966
0.063506803677640
0.063506803677640
0.063506803579231
0.063506803579231
-0.063506803663282
-0.063506803663282
-0.063506803080782
-0.063506803080782
-0.063506794058502
-0.063506794058502
-0.063506784681073
-0.063506784681073
0.063506791651514
0.063506791651514
0.049939081062408
0.049939081062408
0.063506765011277
0.063506765011277
0.007302761552470
0.007302761552470
-0.000045594236428
-0.000045594236608
