0.905874112084849
0.905874112084849
0.905874112084849
0.905874112084849
0.905874112084849
0.905874112084849
0.905874112084849
-0.905874112138802
-0.905874112138802
-0.905874112138802
-0.905874112138802
-0.905874112138802
-0.905874112138802
-0.905874112138802
0.905874112124909
0.905874112124909
0.905874112124909
0.905874112124909
0.905874112124909
0.905874112124909
0.905874112124909
-0.905874112150620
-0.905874112150620
-0.905874112150620
-0.905874112150620
-0.905874112150620
-0.905874112150620
-0.905874112150620
-0.835773392617857
-0.835773392617857
-0.835773392617857
-0.835773392617857
-0.835773392617857
-0.835773392617857
-0.835773392617857
-0.070005496937282
-0.070005496937282
-0.070005496937282
-0.070005496937282
-0.070005496937282
-0.070005496937282
-0.070005496937282
0.905874112124975
0.905874112124975
0.905874112124975
0.905874112124975
0.905874112124975
0.905874112124975
0.905874112124975
-0.905874112148747
-0.905874112148747
-0.905874112148747
-0.905874112148747
-0.905874112148747
-0.905874112148747
-0.905874112148747
-0.905874111940355
-0.905874111940355
-0.905874111940355
-0.905874111940355
-0.905874111940355
-0.905874111940355
-0.905874111940355
0.905874112137680
0.905874112137680
0.905874112137680
0.905874112137680
0.905874112137680
0.905874112137680
0.905874112137680
-0.286150894084218
-0.286150894084218
-0.286150894084218
-0.286150894084218
-0.286150894084218
-0.286150894084218
-0.286150894084218
-0.756111254078872
-0.756111254078872
-0.756111254078872
-0.756111254078872
-0.756111254078872
-0.756111254078872
-0.756111254078872
-0.905874111945084
-0.905874111945084
-0.905874111945084
-0.905874111945084
-0.905874111945084
-0.905874111945084
-0.905874111945084
0.905874112142953
0.905874112142953
0.905874112142953
0.905874112142953
0.905874112142953
0.905874112142953
0.905874112142953
-0.905874112007049
-0.905874112007049
-0.905874112007049
-0.905874112007049
-0.905874112007049
-0.905874112007049
-0.905874112007049
0.905874112150693
0.905874112150693
0.905874112150693
0.905874112150693
0.905874112150693
0.905874112150693
0.905874112150693
-0.110728762041152
-0.110728762041152
-0.110728762041152
-0.110728762041152
-0.110728762041152
-0.110728762041152
-0.110728762041152
0.905874112143262
0.905874112143262
0.905874112143262
0.905874112143262
0.905874112143262
0.905874112143262
0.905874112143262
0.140810584724268
0.140810584724268
0.140810584724268
0.140810584724268
0.140810584724268
0.140810584724268
0.140810584724268
0.905874112147086
0.905874112147086
0.905874112147086
0.905874112147086
0.905874112147086
0.905874112147086
0.905874112147086
0.905874111594419
0.905874111594419
0.905874111594419
0.905874111594419
0.905874111594419
0.905874111594419
0.905874111594419
-0.000349240498391
-0.000349240498391
-0.000349240498391
-0.000349240498391
-0.000349240498391
-0.000349240498391
-0.000349240498391
-0.012789078333696
-0.012789078333696
-0.012789078333696
-0.012789078333696
-0.012789078333696
-0.012789078333696
-0.012789078333696
-0.099517424521611
-0.099517424521611
-0.099517424521611
-0.099517424521611
-0.099517424521611
-0.099517424521611
-0.099517424521611
-0.560233515430255
-0.560233515430255
-0.560233515430255
-0.560233515430255
-0.560233515430255
-0.560233515430255
-0.560233515430255
-0.560233515087325
-0.560233515087325
-0.560233515087325
-0.560233515087325
-0.560233515087325
-0.560233515087325
-0.560233515087325
0.560233515092975
0.560233515092975
0.560233515092975
0.560233515092975
0.560233515092975
0.560233515092975
0.560233515092975
0.560233514430002
0.560233514430002
0.560233514430002
0.560233514430002
0.560233514430002
0.560233514430002
0.560233514430002
-0.560233515457889
-0.560233515457889
-0.560233515457889
-0.560233515457889
-0.560233515457889
-0.560233515457889
-0.560233515457889
-0.301758674229733
-0.301758674229733
-0.301758674229733
-0.301758674229733
-0.301758674229733
-0.301758674229733
-0.301758674229733
0.560233514635708
0.560233514635708
0.560233514635708
0.560233514635708
0.560233514635708
0.560233514635708
0.560233514635708
0.560233513444756
0.560233513444756
0.560233513444756
0.560233513444756
0.560233513444756
0.560233513444756
0.560233513444756
0.560233515441727
0.560233515441727
0.560233515441727
0.560233515441727
0.560233515441727
0.560233515441727
0.560233515441727
0.560233515477378
0.560233515477378
0.560233515477378
0.560233515477378
0.560233515477378
0.560233515477378
0.560233515477378
0.412649369590794
0.412649369590794
0.412649369590794
0.412649369590794
0.412649369590794
0.412649369590794
0.412649369590794
0.560233513223956
0.560233513223956
0.560233513223956
0.560233513223956
0.560233513223956
0.560233513223956
0.560233513223956
0.560233515553193
0.560233515553193
0.560233515553193
0.560233515553193
0.560233515553193
0.560233515553193
0.560233515553193
0.560233515519947
0.560233515519947
0.560233515519947
0.560233515519947
0.560233515519947
0.560233515519947
0.560233515519947
-0.016117693207480
-0.016117693207480
-0.016117693207480
-0.016117693207480
-0.016117693207480
-0.016117693207480
-0.016117693207480
-0.169060300923509
-0.169060300923509
-0.169060300923509
-0.169060300923509
-0.169060300923509
-0.169060300923509
-0.169060300923509
0.560233515560606
0.560233515560606
0.560233515560606
0.560233515560606
0.560233515560606
0.560233515560606
0.560233515560606
0.560233515536886
0.560233515536886
0.560233515536886
0.560233515536886
0.560233515536886
0.560233515536886
0.560233515536886
0.560233513640532
0.560233513640532
0.560233513640532
0.560233513640532
0.560233513640532
0.560233513640532
0.560233513640532
0.003247986233816
0.003247986233816
0.003247986233816
0.003247986233816
0.003247986233816
0.003247986233816
0.003247986233816
1.777710566452418
1.777710566452418
1.777710566452418
1.777710566452418
1.777710566452418
1.777710566452418
1.777710566452418
1.777710566456104
1.777710566456104
1.777710566456104
1.777710566456104
1.777710566456104
1.777710566456104
1.777710566456104
0.291374354769624
0.291374354769624
0.291374354769624
0.291374354769624
0.291374354769624
0.291374354769624
0.291374354769624
1.006013206633848
1.006013206633848
1.006013206633848
1.006013206633848
1.006013206633848
1.006013206633848
1.006013206633848
1.777710566200718
1.777710566200718
1.777710566200718
1.777710566200718
1.777710566200718
1.777710566200718
1.777710566200718
1.777710566468101
1.777710566468101
1.777710566468101
1.777710566468101
1.777710566468101
1.777710566468101
1.777710566468101
-1.777710566556280
-1.777710566556280
-1.777710566556280
-1.777710566556280
-1.777710566556280
-1.777710566556280
-1.777710566556280
-1.777710566491095
-1.777710566491095
-1.777710566491095
-1.777710566491095
-1.777710566491095
-1.777710566491095
-1.777710566491095
1.680488962661848
1.680488962661848
1.680488962661848
1.680488962661848
1.680488962661848
1.680488962661848
1.680488962661848
1.777710566212888
1.777710566212888
1.777710566212888
1.777710566212888
1.777710566212888
1.777710566212888
1.777710566212888
-1.777710566527231
-1.777710566527231
-1.777710566527231
-1.777710566527231
-1.777710566527231
-1.777710566527231
-1.777710566527231
-1.777710566435204
-1.777710566435204
-1.777710566435204
-1.777710566435204
-1.777710566435204
-1.777710566435204
-1.777710566435204
-1.777710566268157
-1.777710566268157
-1.777710566268157
-1.777710566268157
-1.777710566268157
-1.777710566268157
-1.777710566268157
-1.265830491954777
-1.265830491954777
-1.265830491954777
-1.265830491954777
-1.265830491954777
-1.265830491954777
-1.265830491954777
0.259036902736045
0.259036902736045
0.259036902736045
0.259036902736045
0.259036902736045
0.259036902736045
0.259036902736045
-1.620038433946872
-1.620038433946872
-1.620038433946872
-1.620038433946872
-1.620038433946872
-1.620038433946872
-1.620038433946872
-1.777710566312775
-1.777710566312775
-1.777710566312775
-1.777710566312775
-1.777710566312775
-1.777710566312775
-1.777710566312775
-1.777710565540792
-1.777710565540792
-1.777710565540792
-1.777710565540792
-1.777710565540792
-1.777710565540792
-1.777710565540792
1.777710566481490
1.777710566481490
1.777710566481490
1.777710566481490
1.777710566481490
1.777710566481490
1.777710566481490
1.777710566218364
1.777710566218364
1.777710566218364
1.777710566218364
1.777710566218364
1.777710566218364
1.777710566218364
-1.777710566366450
-1.777710566366450
-1.777710566366450
-1.777710566366450
-1.777710566366450
-1.777710566366450
-1.777710566366450
0.001558643849414
0.001558643849414
0.001558643849414
0.001558643849414
0.001558643849414
0.001558643849414
0.001558643849414
0.141928527532284
0.141928527532284
0.141928527532284
0.141928527532284
0.141928527532284
0.141928527532284
0.141928527532284
0.034791543061677
0.034791543061677
0.034791543061677
0.034791543061677
0.034791543061677
0.034791543061677
0.034791543061677
0.141928527542785
0.141928527542785
0.141928527542785
0.141928527542785
0.141928527542785
0.141928527542785
0.141928527542785
0.014689782048546
0.014689782048546
0.014689782048546
0.014689782048546
0.014689782048546
0.014689782048546
0.014689782048546
-0.022330775445116
-0.022330775445116
-0.022330775445116
-0.022330775445116
-0.022330775445116
-0.022330775445116
-0.022330775445116
0.141928526240747
0.141928526240747
0.141928526240747
0.141928526240747
0.141928526240747
0.141928526240747
0.141928526240747
0.141928527497232
0.141928527497232
0.141928527497232
0.141928527497232
0.141928527497232
0.141928527497232
0.141928527497232
0.141928525303955
0.141928525303955
0.141928525303955
0.141928525303955
0.141928525303955
0.141928525303955
0.141928525303955
-0.141928527501571
-0.141928527501571
-0.141928527501571
-0.141928527501571
-0.141928527501571
-0.141928527501571
-0.141928527501571
0.028965054822702
0.028965054822702
0.028965054822702
0.028965054822702
0.028965054822702
0.028965054822702
0.028965054822702
0.032781228826087
0.032781228826087
0.032781228826087
0.032781228826087
0.032781228826087
0.032781228826087
0.032781228826087
0.107465966920425
0.107465966920425
0.107465966920425
0.107465966920425
0.107465966920425
0.107465966920425
0.107465966920425
-0.141928527513221
-0.141928527513221
-0.141928527513221
-0.141928527513221
-0.141928527513221
-0.141928527513221
-0.141928527513221
-0.141928527408005
-0.141928527408005
-0.141928527408005
-0.141928527408005
-0.141928527408005
-0.141928527408005
-0.141928527408005
-0.141928527543086
-0.141928527543086
-0.141928527543086
-0.141928527543086
-0.141928527543086
-0.141928527543086
-0.141928527543086
-0.141928527389985
-0.141928527389985
-0.141928527389985
-0.141928527389985
-0.141928527389985
-0.141928527389985
-0.141928527389985
-0.141928527513844
-0.141928527513844
-0.141928527513844
-0.141928527513844
-0.141928527513844
-0.141928527513844
-0.141928527513844
-0.141928527287635
-0.141928527287635
-0.141928527287635
-0.141928527287635
-0.141928527287635
-0.141928527287635
-0.141928527287635
-0.141928527523291
-0.141928527523291
-0.141928527523291
-0.141928527523291
-0.141928527523291
-0.141928527523291
-0.141928527523291
-0.141928527498250
-0.141928527498250
-0.141928527498250
-0.141928527498250
-0.141928527498250
-0.141928527498250
-0.141928527498250
-0.141928527512410
-0.141928527512410
-0.141928527512410
-0.141928527512410
-0.141928527512410
-0.141928527512410
-0.141928527512410
-0.001205418455111
-0.001205418455111
-0.001205418455111
-0.001205418455111
-0.001205418455111
-0.001205418455111
-0.001205418455111
0.179602443876158
0.179602443876158
0.179602443876158
0.179602443876158
0.179602443876158
0.179602443876158
0.179602443876158
-0.179602444665959
-0.179602444665959
-0.179602444665959
-0.179602444665959
-0.179602444665959
-0.179602444665959
-0.179602444665959
0.179602443811585
0.179602443811585
0.179602443811585
0.179602443811585
0.179602443811585
0.179602443811585
0.179602443811585
-0.179602444732224
-0.179602444732224
-0.179602444732224
-0.179602444732224
-0.179602444732224
-0.179602444732224
-0.179602444732224
-0.108772010294121
-0.108772010294121
-0.108772010294121
-0.108772010294121
-0.108772010294121
-0.108772010294121
-0.108772010294121
0.137070939665314
0.137070939665314
0.137070939665314
0.137070939665314
0.137070939665314
0.137070939665314
0.137070939665314
-0.115967495179265
-0.115967495179265
-0.115967495179265
-0.115967495179265
-0.115967495179265
-0.115967495179265
-0.115967495179265
-0.179602444715967
-0.179602444715967
-0.179602444715967
-0.179602444715967
-0.179602444715967
-0.179602444715967
-0.179602444715967
-0.179602442438761
-0.179602442438761
-0.179602442438761
-0.179602442438761
-0.179602442438761
-0.179602442438761
-0.179602442438761
0.179602444580022
0.179602444580022
0.179602444580022
0.179602444580022
0.179602444580022
0.179602444580022
0.179602444580022
-0.179602440708791
-0.179602440708791
-0.179602440708791
-0.179602440708791
-0.179602440708791
-0.179602440708791
-0.179602440708791
-0.179602444595071
-0.179602444595071
-0.179602444595071
-0.179602444595071
-0.179602444595071
-0.179602444595071
-0.179602444595071
-0.179602443566244
-0.179602443566244
-0.179602443566244
-0.179602443566244
-0.179602443566244
-0.179602443566244
-0.179602443566244
0.179602444630171
0.179602444630171
0.179602444630171
0.179602444630171
0.179602444630171
0.179602444630171
0.179602444630171
-0.062796192194675
-0.062796192194675
-0.062796192194675
-0.062796192194675
-0.062796192194675
-0.062796192194675
-0.062796192194675
0.172736967017194
0.172736967017194
0.172736967017194
0.172736967017194
0.172736967017194
0.172736967017194
0.172736967017194
-0.179602444036576
-0.179602444036576
-0.179602444036576
-0.179602444036576
-0.179602444036576
-0.179602444036576
-0.179602444036576
0.179602444625351
0.179602444625351
0.179602444625351
0.179602444625351
0.179602444625351
0.179602444625351
0.179602444625351
0.179602443664127
0.179602443664127
0.179602443664127
0.179602443664127
0.179602443664127
0.179602443664127
0.179602443664127
0.179602444654094
0.179602444654094
0.179602444654094
0.179602444654094
0.179602444654094
0.179602444654094
0.179602444654094
0.027443964623239
0.027443964623239
0.027443964623239
0.027443964623239
0.027443964623239
0.027443964623239
0.027443964623239
-0.001749807176280
-0.001749807176280
-0.001749807176280
-0.001749807176280
-0.001749807176280
-0.001749807176280
-0.001749807176280
-0.165233912540044
-0.165233912540044
-0.165233912540044
-0.165233912540044
-0.165233912540044
-0.165233912540044
-0.165233912540044
0.289640395230279
0.289640395230279
0.289640395230279
0.289640395230279
0.289640395230279
0.289640395230279
0.289640395230279
-0.289640395129165
-0.289640395129165
-0.289640395129165
-0.289640395129165
-0.289640395129165
-0.289640395129165
-0.289640395129165
0.289640395238534
0.289640395238534
0.289640395238534
0.289640395238534
0.289640395238534
0.289640395238534
0.289640395238534
0.289640395175894
0.289640395175894
0.289640395175894
0.289640395175894
0.289640395175894
0.289640395175894
0.289640395175894
-0.254990525271097
-0.254990525271097
-0.254990525271097
-0.254990525271097
-0.254990525271097
-0.254990525271097
-0.254990525271097
-0.289640395167896
-0.289640395167896
-0.289640395167896
-0.289640395167896
-0.289640395167896
-0.289640395167896
-0.289640395167896
0.289640395228179
0.289640395228179
0.289640395228179
0.289640395228179
0.289640395228179
0.289640395228179
0.289640395228179
0.289640395133782
0.289640395133782
0.289640395133782
0.289640395133782
0.289640395133782
0.289640395133782
0.289640395133782
-0.289640395221621
-0.289640395221621
-0.289640395221621
-0.289640395221621
-0.289640395221621
-0.289640395221621
-0.289640395221621
0.226856279285369
0.226856279285369
0.226856279285369
0.226856279285369
0.226856279285369
0.226856279285369
0.226856279285369
-0.033871326211395
-0.033871326211395
-0.033871326211395
-0.033871326211395
-0.033871326211395
-0.033871326211395
-0.033871326211395
0.289640394956295
0.289640394956295
0.289640394956295
0.289640394956295
0.289640394956295
0.289640394956295
0.289640394956295
-0.289640395220760
-0.289640395220760
-0.289640395220760
-0.289640395220760
-0.289640395220760
-0.289640395220760
-0.289640395220760
0.289640394919038
0.289640394919038
0.289640394919038
0.289640394919038
0.289640394919038
0.289640394919038
0.289640394919038
-0.289640395220577
-0.289640395220577
-0.289640395220577
-0.289640395220577
-0.289640395220577
-0.289640395220577
-0.289640395220577
0.228389578808077
0.228389578808077
0.228389578808077
0.228389578808077
0.228389578808077
0.228389578808077
0.228389578808077
-0.289640395219020
-0.289640395219020
-0.289640395219020
-0.289640395219020
-0.289640395219020
-0.289640395219020
-0.289640395219020
0.055693858357403
0.055693858357403
0.055693858357403
0.055693858357403
0.055693858357403
0.055693858357403
0.055693858357403
-0.289640395228298
-0.289640395228298
-0.289640395228298
-0.289640395228298
-0.289640395228298
-0.289640395228298
-0.289640395228298
-0.289640394776015
-0.289640394776015
-0.289640394776015
-0.289640394776015
-0.289640394776015
-0.289640394776015
-0.289640394776015
0.000199000646169
0.000199000646169
0.000199000646169
0.000199000646169
0.000199000646169
0.000199000646169
0.000199000646169
-0.598694715114379
-0.598694715114379
-0.598694715114379
-0.598694715114379
-0.598694715114379
-0.598694715114379
-0.598694715114379
-0.598694714930979
-0.598694714930979
-0.598694714930979
-0.598694714930979
-0.598694714930979
-0.598694714930979
-0.598694714930979
0.024985600881238
0.024985600881238
0.024985600881238
0.024985600881238
0.024985600881238
0.024985600881238
0.024985600881238
-0.179870656692239
-0.179870656692239
-0.179870656692239
-0.179870656692239
-0.179870656692239
-0.179870656692239
-0.179870656692239
-0.598694715032753
-0.598694715032753
-0.598694715032753
-0.598694715032753
-0.598694715032753
-0.598694715032753
-0.598694715032753
-0.598694714682368
-0.598694714682368
-0.598694714682368
-0.598694714682368
-0.598694714682368
-0.598694714682368
-0.598694714682368
0.598694715128682
0.598694715128682
0.598694715128682
0.598694715128682
0.598694715128682
0.598694715128682
0.598694715128682
0.598694715108818
0.598694715108818
0.598694715108818
0.598694715108818
0.598694715108818
0.598694715108818
0.598694715108818
-0.127971257934578
-0.127971257934578
-0.127971257934578
-0.127971257934578
-0.127971257934578
-0.127971257934578
-0.127971257934578
-0.085331449466080
-0.085331449466080
-0.085331449466080
-0.085331449466080
-0.085331449466080
-0.085331449466080
-0.085331449466080
0.559740491684724
0.559740491684724
0.559740491684724
0.559740491684724
0.559740491684724
0.559740491684724
0.559740491684724
0.598694714977642
0.598694714977642
0.598694714977642
0.598694714977642
0.598694714977642
0.598694714977642
0.598694714977642
0.598694714685321
0.598694714685321
0.598694714685321
0.598694714685321
0.598694714685321
0.598694714685321
0.598694714685321
0.598694714455143
0.598694714455143
0.598694714455143
0.598694714455143
0.598694714455143
0.598694714455143
0.598694714455143
-0.598694715270970
-0.598694715270970
-0.598694715270970
-0.598694715270970
-0.598694715270970
-0.598694715270970
-0.598694715270970
-0.231898537016497
-0.231898537016497
-0.231898537016497
-0.231898537016497
-0.231898537016497
-0.231898537016497
-0.231898537016497
0.598694714926628
0.598694714926628
0.598694714926628
0.598694714926628
0.598694714926628
0.598694714926628
0.598694714926628
0.598694714848006
0.598694714848006
0.598694714848006
0.598694714848006
0.598694714848006
0.598694714848006
0.598694714848006
-0.598694715405265
-0.598694715405265
-0.598694715405265
-0.598694715405265
-0.598694715405265
-0.598694715405265
-0.598694715405265
-0.598694715088180
-0.598694715088180
-0.598694715088180
-0.598694715088180
-0.598694715088180
-0.598694715088180
-0.598694715088180
0.598694714933742
0.598694714933742
0.598694714933742
0.598694714933742
0.598694714933742
0.598694714933742
0.598694714933742
-0.000633671125717
-0.000633671125717
-0.000633671125717
-0.000633671125717
-0.000633671125717
-0.000633671125717
-0.000633671125717
0.073342014355414
0.073342014355414
0.073342014355414
0.073342014355414
0.073342014355414
0.073342014355414
0.073342014355414
-0.073342014535082
-0.073342014535082
-0.073342014535082
-0.073342014535082
-0.073342014535082
-0.073342014535082
-0.073342014535082
0.073342014245656
0.073342014245656
0.073342014245656
0.073342014245656
0.073342014245656
0.073342014245656
0.073342014245656
-0.054912775127227
-0.054912775127227
-0.054912775127227
-0.054912775127227
-0.054912775127227
-0.054912775127227
-0.054912775127227
-0.059383680853401
-0.059383680853401
-0.059383680853401
-0.059383680853401
-0.059383680853401
-0.059383680853401
-0.059383680853401
-0.073342014536324
-0.073342014536324
-0.073342014536324
-0.073342014536324
-0.073342014536324
-0.073342014536324
-0.073342014536324
-0.029711094151567
-0.029711094151567
-0.029711094151567
-0.029711094151567
-0.029711094151567
-0.029711094151567
-0.029711094151567
0.073342014525220
0.073342014525220
0.073342014525220
0.073342014525220
0.073342014525220
0.073342014525220
0.073342014525220
-0.000024188810660
-0.000024188810660
-0.000024188810660
-0.000024188810660
-0.000024188810660
-0.000024188810660
-0.000024188810660
-0.073342014499585
-0.073342014499585
-0.073342014499585
-0.073342014499585
-0.073342014499585
-0.073342014499585
-0.073342014499585
-0.073342014201793
-0.073342014201793
-0.073342014201793
-0.073342014201793
-0.073342014201793
-0.073342014201793
-0.073342014201793
0.073342014552029
0.073342014552029
0.073342014552029
0.073342014552029
0.073342014552029
0.073342014552029
0.073342014552029
0.073342014263273
0.073342014263273
0.073342014263273
0.073342014263273
0.073342014263273
0.073342014263273
0.073342014263273
-0.073342014423678
-0.073342014423678
-0.073342014423678
-0.073342014423678
-0.073342014423678
-0.073342014423678
-0.073342014423678
-0.073342014381026
-0.073342014381026
-0.073342014381026
-0.073342014381026
-0.073342014381026
-0.073342014381026
-0.073342014381026
0.073342014564467
0.073342014564467
0.073342014564467
0.073342014564467
0.073342014564467
0.073342014564467
0.073342014564467
0.073342014021073
0.073342014021073
0.073342014021073
0.073342014021073
0.073342014021073
0.073342014021073
0.073342014021073
0.023598699937118
0.023598699937118
0.023598699937118
0.023598699937118
0.023598699937118
0.023598699937118
0.023598699937118
-0.056299180436128
-0.056299180436128
-0.056299180436128
-0.056299180436128
-0.056299180436128
-0.056299180436128
-0.056299180436128
0.073342014515825
0.073342014515825
0.073342014515825
0.073342014515825
0.073342014515825
0.073342014515825
0.073342014515825
0.073342014128100
0.073342014128100
0.073342014128100
0.073342014128100
0.073342014128100
0.073342014128100
0.073342014128100
-0.000056658170530
-0.000056658170530
-0.000056658170530
-0.000056658170530
-0.000056658170530
-0.000056658170530
-0.000056658170530
