-2.200862012338771
1.318302338400240
3.911436403565665
-0.947570158435221
-0.704109539384801
2.999197434878457
1.095692133996929
0.415548308994519
0.148170662614342
0.015287907920640
-1.479906273551950
-0.088868869772200
-3.466194910428735
1.758276570307425
1.407509104794868
-2.762296448385108
-1.637928599162266
-1.039220720662780
-0.600469149629967
-0.555138127897544
0.050153721146897
1.200256683973085
0.278860982398013
-0.007468196925060
0.645071814676524
0.593252489290056
0.335003396103307
0.387682970980343
0.346712978120028
0.311046588893977
0.356547312679997
0.674524667442556
0.039643668810828
1.208423475805431
0.556731502724488
0.610108457144652
1.183489374881425
0.770185301252415
0.531865794922936
0.368147353250631
0.347128069416509
0.193087337053698
-2.962028116107085
-2.470185513560206
-2.800276928104450
1.980029519972848
-3.680052865403722
5.568458372472745
3.087815005453822
1.773679938169806
1.141077009293154
0.997930584012021
-1.044912674212097
-0.170021198124080
-1.808631285320291
3.057707142523714
-4.947172484316349
3.639798741221897
2.492487185124344
1.614964087934468
0.987573709649446
0.869239316546423
-0.157844623288151
-0.222432200131881
0.036416845983463
0.190143191328586
-0.082976695959482
-0.067180916071745
0.114720879410333
0.016102581820623
-0.013300049966163
-0.022958063031499
-0.033874228352782
-0.136812957808403
-0.008043383506851
-0.283621593169767
0.001476949399602
-0.019481218168005
-0.246803296078218
-0.152786040752429
-0.101181200258233
-0.064382963739079
-0.060217775180960
-0.044171368583885
-0.060353765259728
0.289290818013633
0.774387848760434
-0.669243035085992
-0.631524729483739
0.813947163813233
0.343100975554025
0.153531035464441
0.074744202927675
0.046140190286040
-0.116255736695366
0.014749520654358
-0.020600735328869
-0.668817736115537
-0.671984752681268
0.140926227019611
0.052525987497804
0.013518233009084
0.018829473370322
-0.001873815583499
-0.178003434161353
0.425976794786838
-0.267854729770607
-0.787909816816321
0.057906218144279
0.014587219058221
-0.618230538883446
-0.229548985012887
-0.089971716569514
-0.034821992679105
-0.008440862323072
0.288109436695051
0.017126508163837
0.680113588196219
-0.215639713100802
-0.150806450892339
0.536445141701574
0.315401613099850
0.199398620975876
0.114420435045607
0.105642363522201
-0.016568721256727
0.550094945996035
0.470977333477175
0.585694064175534
-0.187955064433528
0.359671369359758
-0.913041173955859
-0.508497306977883
-0.293730565551840
-0.189895732989239
-0.166759098663050
0.185448710379272
0.034352795771756
0.394235099733050
-0.266093085867561
0.453262675841323
-0.654795505057439
-0.435037073381485
-0.279767142851374
-0.170839665077367
-0.149984136436764
0.016522568392848
-0.008074560719242
-0.036548131866847
-0.069408607748346
-0.061032272446748
0.069519810167829
0.031837708771788
0.019017161070331
0.011741158658133
0.008129467229712
0.007689882865861
0.001644442662381
-0.000406588238924
0.022887683996560
0.113100230367315
-0.146993324244625
0.030133397784279
0.024911370503127
0.017311209694427
0.010063010176028
0.009743202372163
-0.001040957814907
