-3.082863391192475
-3.082863321116677
-3.082863374475226
-2.575062413481279
3.082863405911414
3.082863412660413
3.082863414352675
-0.145473190107412
-1.584804449263364
0.997250229522910
-3.082863398731476
-3.082863405630297
-3.082863405511305
-3.082863409048830
-3.082863414120580
-3.082863415342388
-3.082863415277209
1.369973726420774
3.082863415836165
-0.216302075066204
0.090419531065354
3.143012223678179
3.143012223759419
3.143012223763530
3.143012224063805
3.143012224254169
-2.705632222074143
-3.143012223970332
3.143012224515504
0.436046000351966
2.167699950436304
3.143012223673114
3.143012223797921
3.143012223774675
3.143012224085432
3.143012224223273
3.143012224172139
-0.170158976039146
2.700654133490443
-0.015965307630901
3.143012224491692
0.344248555679514
12.916897190399013
12.916897190047498
12.916897190357066
12.916897191084985
-12.916897184340264
-12.916897190725013
-12.916897192027184
12.916897192224869
-2.320619183227260
0.719420125175467
12.916897190324875
12.916897189890351
12.916897190230401
12.916897190375000
7.708267386577538
-12.916897190697012
-5.893315620039974
12.916897192035464
-2.272156618937214
-1.343102385166086
0.286342612442950
-0.398276777607933
-0.398276777593049
-0.398276777598200
-0.398276777624460
0.329115232691318
0.398276777700946
0.398276777761051
-0.316473186847116
-0.110798380074373
-0.169736872975937
-0.398276777614034
-0.398276777628559
-0.398276777625521
-0.398276777675809
-0.398276777672907
-0.398276777611417
-0.398276775483643
-0.195179937101536
0.092695969213286
-0.398276777776094
-0.063337090908440
-0.577226742704202
-0.577226742760247
-0.577226742762472
-0.577226745225192
-0.577226742535338
-0.468820882838297
0.577226752152474
0.059011933822833
-0.577226752197821
0.166726484689116
-0.577226743184432
-0.577226745260921
-0.577226744803721
-0.577226747206898
-0.577226746091767
-0.040361503395135
0.577226742357404
-0.130473699869724
-0.577226751985647
0.035283850549788
-0.065330564827208
0.526662751202873
0.526662739465648
0.526662748324543
0.419428691846445
-0.526662753817346
-0.526662754845990
-0.526662755224583
-0.225396307709429
0.218701349139966
-0.420669739990858
0.526662752516819
0.526662753744918
0.526662753715919
0.526662754192255
0.526662755048223
0.526662755360332
0.526662755392803
-0.040657394272699
-0.526662755422733
0.230464578754972
-0.027064201705164
-1.904393358990332
-1.904393355943727
-1.904393357605490
-0.260270838377331
1.904393361189366
1.904393361420000
1.904393361425335
-1.904393361382314
0.204040069869603
-0.641368399446761
-1.904393359082795
-1.904393357207411
-1.904393358496864
-1.904393357185117
1.904393360152995
1.904393360861973
0.065804472214353
-1.904393361408315
0.430595621512260
-0.813858157041419
-0.093986680304550
0.180710076188626
0.180710073702537
0.180710076254122
0.180710076609634
-0.146894627269820
-0.180710070055029
-0.133413467215941
-0.006674026993096
-0.021229294812149
0.180710078190662
0.180710075558345
-0.180710071079591
0.180710067185693
-0.180710068474448
-0.180710076366445
0.025768696836874
0.180710078056256
0.180710078180109
0.024124680194855
-0.180710078185114
0.005149954728157
