2.827084214265680
-0.211610379021115
-2.238586584720941
-0.205000789955604
2.066396452029223
2.827084211093645
2.827084210808294
2.827084210796776
2.827084210197177
2.827084209665021
-2.827084213555729
-1.247524254520697
2.827084214861772
-1.199450411990116
-2.827084214499961
-2.827084213388523
-2.827084212175925
-2.827084205288790
2.827084190774389
2.827084186789008
-0.122647039725530
1.811719948637465
0.927221694314239
1.427775383619619
1.063045556681492
-0.337751002976731
1.811719938813829
1.811719938157596
1.811719936125517
1.811719935771459
1.811719934639239
1.811719949610781
1.811719948741420
0.919982367317728
1.757675323202337
1.811719944571514
1.811719942665537
1.811719941195289
1.811719939627447
1.811719937808967
1.811719936497593
0.372700951904769
-8.570470176489069
1.708958105157936
-1.638237171855628
-5.505867816119743
8.570470175996387
8.570470169144983
8.570470161401417
8.570470156602212
8.570469417457875
-1.033585786546005
-8.570470176217659
1.650595485417010
-0.478696947048171
-8.570470173296597
8.570470175439239
8.570470166208056
8.570470158250563
8.570470153236652
-8.570469930945821
-8.570469920641077
-0.513320350655806
-0.225396872777307
0.011958121980303
-0.205375461374541
-0.004977656287072
0.043992951456530
-0.225396872603670
-0.225396872635082
-0.225396872615973
-0.225396872644422
-0.225396872634403
-0.225396872759573
-0.225396872782220
0.068227174296974
-0.218536157777610
-0.225396872507231
-0.225396872686331
-0.225396872682184
-0.225396872660706
-0.225396872664345
-0.225396872652811
-0.058378835839363
-0.573467279814522
0.322530681803124
-0.573467280663430
0.333275485216000
-0.573467277169068
-0.573467277767718
-0.573467277115995
-0.573467276551153
-0.573467275478218
-0.573467274946983
-0.208022776539825
0.192837540853485
-0.573467280685853
0.122294741736115
0.573467278355702
-0.319172935523927
-0.573467272868965
-0.573467272899090
-0.573467273360658
-0.573467273121041
-0.046809804254465
-0.522963207100785
-0.178177601801628
0.324026337341616
-0.179458325614313
-0.382003119939296
-0.522963206064215
-0.522963205976435
-0.522963205962307
-0.522963205625661
-0.522963205435305
0.522963206913348
0.392268825592661
-0.522963207237779
0.383273585013029
0.522963207154098
0.522963207004875
0.522963206274353
0.522963204021730
-0.522963202071076
-0.522963200285096
0.007467227431829
1.327434538736942
0.095323365868928
0.410955638976598
0.765264257013653
-1.327434539058415
-1.327434539111219
-1.327434539090902
-1.327434538821332
-1.327434538877185
-1.327434539120150
1.327434539269333
0.366910052136170
0.108955681051108
1.307093678305962
-1.327434539317458
-1.327434539212352
-1.327434539076684
-1.327434538841371
-1.327434539097202
-1.327434539230523
0.123103809427775
-0.151730306453085
-0.102789943963194
-0.006007212147146
0.066663826374487
0.151730306362271
0.151730305151737
0.151730303080410
0.151730303078480
0.151730246352892
0.151730270619776
0.024041952615041
0.151730306592761
-0.021342768092023
-0.151730306596769
-0.151730306164948
0.107992183150846
-0.151730282139601
0.151730299522385
-0.151730293997720
-0.151730277024878
-0.003281353003862
