-0.166415586172074
-0.140787464361036
-0.156188761262006
-0.177230360385881
0.010673028511016
0.537611046223390
1.625625158300796
0.564134868213774
-2.377892882503201
1.061581047680304
-0.185432197722304
-0.230498443313528
-0.228849403569231
-0.401772749286784
-0.668875754508278
-0.944199736818711
-1.648685673580578
-1.359474260693197
4.169073443658259
-2.081185445861408
-0.005282506939578
0.498985960963493
0.470833071223430
0.506050597875322
0.666313619751188
0.411476548618103
-0.349531021005348
-1.470085818439187
2.992531532378607
1.184373383415020
2.554301105617977
0.501246428931858
0.524700446007670
0.542310677038646
0.799271395760847
0.908752564810333
0.839228396440963
1.380882207584899
4.341961516595518
-0.477498615662197
4.948049743416277
0.489201339186165
0.898228163475886
0.324980086989282
0.566299298570617
-0.252873717815428
-4.216656832040687
-8.636405917005709
-14.362844434010615
14.811735938820496
-0.912673097052862
2.602426774043236
0.899366336296442
0.468810455384544
0.670111669292057
0.093583096009289
-2.604915394214395
-4.605601474705606
-4.546283678146658
16.819149124196350
-2.907728434474208
3.329606360837059
0.714263390183795
-0.057561781053626
-0.053394755991932
-0.057583500509149
-0.074095240397481
-0.037936062312684
0.066682321593241
0.241310394419615
-0.234055503564928
-0.203369226820145
-0.161446131950651
-0.058916465806924
-0.063599798797664
-0.065288432156696
-0.099661118948902
-0.124879901684194
-0.133543808164364
-0.227079105466236
-0.517156418638423
0.221365226098697
-0.616892659179698
-0.074434363344927
-0.026599296637555
-0.029194485115160
-0.029172429648194
-0.044750148734324
-0.046674170597653
-0.008812199086318
0.095586741356835
-0.017678460707458
-0.697230213913104
0.008841271836829
-0.026654788519791
-0.030637168524956
-0.030276867613087
-0.049158021579731
-0.064662413284115
-0.056927529878108
-0.052123991899998
-0.245631993891070
-0.609877760385128
-0.271595825174237
-0.100075066523036
0.030440714589286
0.025653898085658
0.028058687576433
0.031235189001706
-0.007535918710019
-0.120117517054426
-0.373782454144887
-0.302422342527266
0.333650099584922
-0.416523151013097
0.035207785685803
0.045539953876498
0.045033711137287
0.082055353262305
0.146041378951240
0.215195532176868
0.383612923341291
0.345438695267243
-0.676150520857144
0.512630182904895
-0.011368551201796
-0.156278938443515
-0.064057333233440
-0.101117387827877
0.031674548265478
0.694222956497494
1.446275743739898
2.471271865578213
-2.160743976058361
0.157468446086754
-0.800749712068908
-0.156426644113405
-0.088349110205447
-0.118328529697839
-0.026470746589215
0.428708507796010
0.786522017610505
0.884913512869159
-2.355960557545203
0.516727905939285
-1.133334972032024
-0.120928016609982
0.005306053499713
0.001042276505604
0.002832981774760
-0.003700145083270
-0.033879512496082
-0.069595761988166
-0.133415144502805
-0.025142158675648
-0.012027988170355
0.172045909474145
0.005358597127588
0.001753465183334
0.003711163079874
-0.000928337287467
-0.017665449159883
-0.023840581236786
0.011428990905260
0.265460332554537
-0.009329693893149
-0.154132485973811
0.005249316715201
