2.524059601348406
2.524059612965410
2.524059621373430
2.524059625672707
-0.465192557665843
-1.778554335992535
-0.624500588900162
1.728567799987923
2.524059621546642
2.524059607757402
-2.524059604463340
-2.524059619616108
-2.524059623717000
-2.524059627388851
-0.352254707221774
2.524059628101153
-0.298340842939164
-2.524059627750880
-2.524059627458405
-2.524059626288524
-0.072155538240350
1.513420946451700
1.513420948726283
1.513420949340372
1.513420952285203
0.641934623194336
1.363368066538007
0.442835591764551
0.952418918152548
1.513420928786156
1.513420941286197
1.513420947364173
1.513420948572788
1.513420949295132
1.513420951958417
1.413453473109283
0.743295206310792
1.513420952408245
1.513420951614316
1.513420952159646
1.513420949916493
0.313107928040229
-5.574263671852112
-5.574263777167275
-5.574263796242473
-5.574263817201220
3.402185751371591
0.960839213584018
-5.574263826313184
4.940059170173257
5.574263798477892
5.574263796356255
-5.574263533743605
-5.574263710115859
-5.574263721136823
-5.359781672501634
5.574263827142919
0.156345217905716
-5.574263826506589
1.821857342086819
5.574263808894944
5.574263805424753
0.153796790464743
-0.200987651872874
-0.200987651936126
-0.200987651894536
-0.131155652357277
0.017311721594169
-0.200987652133692
0.065441139296756
-0.004710714752174
-0.200987652002696
-0.200987652006366
-0.200987651903827
-0.200987651988136
-0.200987652007223
-0.200987652106539
-0.164713579264063
0.072826046830523
-0.200987652156733
-0.200987652123620
-0.200987652091702
-0.200987652061089
-0.053419442663372
-0.592849107678829
-0.592849107746211
-0.592849107727526
0.342296197052414
-0.027876788747521
-0.592849107911070
0.014981424294993
0.592849106948935
-0.592849107838195
-0.592849107833752
-0.592849107671483
-0.592849107737058
-0.592849107719246
0.581000168185215
-0.171391487031137
-0.592849107935704
-0.178476046209828
0.592849106287348
-0.592849107836604
-0.592849107820461
-0.086636408226138
-0.470464114548017
-0.470464116171163
-0.470464117967970
-0.470464119240870
-0.120966889062616
0.250903895275825
-0.152651250950909
-0.349919188129643
-0.470464118075632
-0.470464112699102
0.470464112561773
0.470464117585994
0.470464118659009
0.470464119793126
0.217222704212554
-0.470464119992702
0.268363682054054
0.470464119897294
0.470464119781802
0.470464119396567
-0.001268276829775
0.868919383125479
0.868919383338570
0.868919383361068
0.868919383388309
-0.261501352737765
-0.101768221638192
0.660978301727032
-0.868919383406952
-0.868919383400457
-0.868919383395558
0.868919383111970
0.868919383334177
0.868919383360041
0.868919383404760
-0.405266604433473
-0.108772199287067
0.850704794041201
-0.868919383403281
-0.868919383395961
-0.868919383383647
-0.007614403479560
-0.142606655956601
-0.142606700323946
-0.142606702261492
-0.142606704243591
-0.096469045566791
0.017872186612195
0.044767348394100
0.142606704411766
0.142606704252669
0.142606703945954
0.142606539178653
-0.142606688058148
0.139187703425364
0.142606704098521
0.142606704648402
-0.025755252479576
-0.142606704655500
-0.142606704622700
-0.142606704164188
0.105848743060455
-0.001243869545137
